"noc","country_name","year","age_0_4","age_5_14","age_15_24","age_25_64","age_65_plus","total_population","child_population","youth_population","working_age_population","elderly_population","child_proportion","youth_proportion","working_age_proportion","elderly_proportion"
"ABW","Aruba",1952,7889,11002,7788,16361,2012,45052,18891,26679,24149,2012,0.419315457693332,0.592182367042529,0.536025037734174,0.044659504572494
"ABW","Aruba",1956,8355,13281,8628,18224,1596,50084,21636,30264,26852,1596,0.43199424966057,0.604264835077071,0.536139285999521,0.031866464339909
"ABW","Aruba",1960,8291,15062,9889,20122,1574,54938,23353,33242,30011,1574,0.425079180166733,0.605082092540682,0.546270341111799,0.0286504787214678
"ABW","Aruba",1964,8007,15530,10998,21357,1745,57637,23537,34535,32355,1745,0.408366153686,0.599181081596891,0.561358155351597,0.0302756909624026
"ABW","Aruba",1968,7422,15398,11908,22241,2117,59086,22820,34728,34149,2117,0.386216701079782,0.587753444132282,0.577954168500152,0.0358291304200657
"ABW","Aruba",1972,6403,15157,12190,22504,2659,58913,21560,33750,34694,2659,0.365963369714664,0.572878651570961,0.588902279632679,0.0451343506526573
"ABW","Aruba",1976,6251,13424,13758,24544,3315,61292,19675,33433,38302,3315,0.32100437251191,0.545470860797494,0.624910265613783,0.0540853618743066
"ABW","Aruba",1980,6092,11727,13014,27379,3839,62051,17819,30833,40393,3839,0.28716700778392,0.496897713171424,0.650964529177612,0.0618684630384684
"ABW","Aruba",1984,6019,11151,11367,30522,4425,63484,17170,28537,41889,4425,0.270461848654779,0.449514838384475,0.659835549114738,0.0697026022304833
"ABW","Aruba",1988,6121,9522,8286,34503,4789,63221,15643,23929,42789,4789,0.247433605922083,0.378497651096946,0.676816247765774,0.0757501463121431
"ABW","Aruba",1992,6188,12778,9042,36568,4313,68889,18966,28008,45610,4313,0.275312459173453,0.406567086182119,0.662079577291004,0.0626079635355427
"ABW","Aruba",1996,6424,13578,10967,42547,4981,78497,20002,30969,53514,4981,0.25481228581984,0.39452463151458,0.68173305986216,0.0634546543179994
"ABW","Aruba",2000,6917,13896,11370,50566,6023,88772,20813,32183,61936,6023,0.234454557743433,0.362535484161673,0.697697472175911,0.0678479700806561
"ABW","Aruba",2004,6130,14449,12331,52995,7318,93223,20579,32910,65326,7318,0.220750244038488,0.353024468210635,0.700749814959827,0.0784999410016841
"ABW","Aruba",2008,6422,14406,12327,55946,8714,97815,20828,33155,68273,8714,0.212932576803149,0.338956192812963,0.697980882277769,0.0890865409190819
"ABW","Aruba",2012,6236,13857,13527,57706,10448,101774,20093,33620,71233,10448,0.1974276337768,0.330339772436968,0.699913533908464,0.102658832314737
"ABW","Aruba",2016,6329,13560,12990,59336,12774,104989,19889,32879,72326,12774,0.189438893598377,0.313166141214794,0.688891217175133,0.12166988922649
"ABW","Aruba",2020,5861,13742,12426,59719,15663,107411,19603,32029,72145,15663,0.182504585191461,0.298191060505907,0.671672361303777,0.145823053504762
"AFG","Afghanistan",1952,1312385,1971722,1526378,2948439,228860,7987784,3284107,4810485,4474817,228860,0.411141187593455,0.602230230562068,0.560207561947093,0.0286512504594516
"AFG","Afghanistan",1956,1401342,2105988,1614741,3090815,241417,8454303,3507330,5122071,4705556,241417,0.414857380910053,0.605853729160168,0.556587101266657,0.0285555178232907
"AFG","Afghanistan",1960,1543295,2246611,1727263,3262782,255097,9035048,3789906,5517169,4990045,255097,0.419467168298386,0.610640806778226,0.552298670687748,0.0282341610138651
"AFG","Afghanistan",1964,1721597,2440609,1882552,3498897,270662,9814317,4162206,6044758,5381449,270662,0.424095329303099,0.615912243307405,0.548326388886766,0.0275782818101351
"AFG","Afghanistan",1968,1934288,2737360,2026420,3768389,290466,10756923,4671648,6698068,5794809,290466,0.43429222278527,0.622675090265125,0.538705073932388,0.027002703282342
"AFG","Afghanistan",1972,2178844,3082773,2186092,4093158,312829,11853696,5261617,7447709,6279250,312829,0.443879866667746,0.628302682977529,0.529729292872029,0.0263908404602244
"AFG","Afghanistan",1976,2443826,3465233,2404236,4409332,337231,13059858,5909059,8313295,6813568,337231,0.452459666866209,0.636553245831616,0.521718383155468,0.0258219499783229
"AFG","Afghanistan",1980,2496962,3568350,2449146,4323386,331466,13169310,6065312,8514458,6772532,331466,0.460564144970389,0.646537897581574,0.514266275150331,0.0251695798792799
"AFG","Afghanistan",1984,2130776,3108566,2118943,3566213,265723,11190221,5239342,7358285,5685156,265723,0.468207196265382,0.657563867594751,0.508046802650278,0.0237460010843396
"AFG","Afghanistan",1988,2237436,3227054,2231838,3568369,258602,11523299,5464490,7696328,5800207,258602,0.474212289379977,0.667892762307044,0.503346046995743,0.0224416636242798
"AFG","Afghanistan",1992,2687842,3691240,2586499,4015655,297746,13278982,6379082,8965581,6602154,297746,0.480389385270648,0.675170807521239,0.497188263377419,0.0224223513519335
"AFG","Afghanistan",1996,3723843,4981868,3394233,5261315,402004,17763263,8705711,12099944,8655548,402004,0.490096386007458,0.681178002037126,0.487272411605908,0.0226312023866336
"AFG","Afghanistan",2000,4201270,5868912,3729488,5875316,455343,20130329,10070182,13799670,9604804,455343,0.500249250769821,0.685516366871103,0.477130999697024,0.0226197495331547
"AFG","Afghanistan",2004,4723171,7098837,4369955,6834183,534500,23560646,11822008,16191963,11204138,534500,0.501769263881814,0.68724613917632,0.475544600941757,0.0226861351764294
"AFG","Afghanistan",2008,4965687,8077379,5128487,7706324,604740,26482617,13043066,18171553,12834811,604740,0.49251424056769,0.686169082156797,0.484650402941673,0.0228353564906369
"AFG","Afghanistan",2012,5461328,9086869,6293281,9004090,714450,30560018,14548197,20841478,15297371,714450,0.476053286356049,0.6819851349564,0.500568127937621,0.0233785857063304
"AFG","Afghanistan",2016,5989420,9903961,7449441,10540419,817349,34700590,15893381,23342822,17989860,817349,0.45801471963445,0.67269236632576,0.518430954632183,0.0235543257333665
"AFG","Afghanistan",2020,6478381,10799524,8444268,12420582,926198,39068953,17277905,25722173,20864850,926198,0.44224131115057,0.658378866718031,0.534051936329085,0.0237067525203452
"AGO","Angola",1952,740537,1099613,915575,1757472,138494,4651691,1840150,2755725,2673047,138494,0.395587325125422,0.592413597549794,0.574639846025886,0.0297728288486918
"AGO","Angola",1956,835989,1124142,933395,1861380,149361,4904267,1960131,2893526,2794775,149361,0.39967868796703,0.59000172706747,0.56986599628446,0.0304553157485104
"AGO","Angola",1960,950362,1208734,936477,1970995,165081,5231649,2159096,3095573,2907472,165081,0.412698940620825,0.591701201667008,0.555746763592129,0.0315542957870453
"AGO","Angola",1964,1032128,1322510,934307,2004363,170859,5464167,2354638,3288945,2938670,170859,0.430923505815251,0.601911508195119,0.537807501125057,0.0312689930596924
"AGO","Angola",1968,1095045,1479036,955267,2002993,170348,5702689,2574081,3529348,2958260,170348,0.451380217297489,0.618891894683368,0.518748260688949,0.0298715220135624
"AGO","Angola",1972,1174986,1681155,1038605,2109129,170381,6174256,2856141,3894746,3147734,170381,0.462588690847934,0.630804100121537,0.509815919521316,0.0275953896307507
"AGO","Angola",1976,1299040,1916818,1286275,2393871,178592,7074596,3215858,4502133,3680146,178592,0.454564189955158,0.636380225810774,0.520191683030381,0.0252441270144613
"AGO","Angola",1980,1494064,2139983,1555578,2753245,190896,8133766,3634047,5189625,4308823,190896,0.446785289864498,0.638034706186532,0.529745138967607,0.0234695711678944
"AGO","Angola",1984,1760339,2417185,1809994,3226299,211980,9425797,4177524,5987518,5036293,211980,0.443201142566512,0.635226708149985,0.534309512500641,0.0224893449328476
"AGO","Angola",1988,2076239,2792619,2017262,3733132,241925,10861177,4868858,6886120,5750394,241925,0.44828088152877,0.634012317449573,0.529444829045692,0.0222742894255383
"AGO","Angola",1992,2376560,3279311,2238869,4240445,288425,12423610,5655871,7894740,6479314,288425,0.455251814891163,0.635462639281175,0.521532308242129,0.0232158768667078
"AGO","Angola",1996,2660221,3839911,2538563,4776282,355889,14170866,6500132,9038695,7314845,355889,0.458696878511165,0.6378364596772,0.516188989437907,0.0251141320509276
"AGO","Angola",2000,2975119,4412736,2977796,5396187,432914,16194752,7387855,10365651,8373983,432914,0.456188214552467,0.640062348592927,0.517080039262102,0.0267317461854309
"AGO","Angola",2004,3417108,4999973,3518406,6154009,510787,18600283,8417081,11935487,9672415,510787,0.452524351376804,0.64168308621971,0.520014399780907,0.0274612488422891
"AGO","Angola",2008,4008819,5725034,4117714,7136188,590728,21578483,9733853,13851567,11253902,590728,0.451090699934745,0.641915699078568,0.521533510951627,0.0273757891136277
"AGO","Angola",2012,4657077,6713811,4737731,8382373,686191,25177183,11370888,16108619,13120104,686191,0.451634640777723,0.63981022022996,0.521110880434876,0.0272544787874005
"AGO","Angola",2016,5273800,7941053,5380118,9804528,783353,29182852,13214853,18594971,15184646,783353,0.452829387614343,0.63718827070089,0.520327691070085,0.0268429213155726
"AGO","Angola",2020,5817238,9242311,6193400,11286442,911569,33450960,15059549,21252949,17479842,911569,0.450197811961151,0.63534645941402,0.522551281039468,0.0272509069993806
"AIA","Anguilla",1952,1030,1253,985,1942,179,5389,2283,3268,2927,179,0.423640749675264,0.606420486175543,0.543143440341436,0.0332158099832993
"AIA","Anguilla",1956,1160,1478,907,2008,249,5802,2638,3545,2915,249,0.45467080317132,0.610996208204068,0.502412961047915,0.0429162357807653
"AIA","Anguilla",1960,1019,1626,869,1829,458,5801,2645,3514,2698,458,0.455955869677642,0.605757627995173,0.465092225478366,0.0789519048439924
"AIA","Anguilla",1964,1017,1659,1002,1885,431,5994,2676,3678,2887,431,0.446446446446446,0.613613613613614,0.481648314981648,0.0719052385719052
"AIA","Anguilla",1968,1002,1760,1037,1973,435,6207,2762,3799,3010,435,0.444981472531013,0.612050910262607,0.484936362171742,0.070082165297245
"AIA","Anguilla",1972,945,1908,1100,1975,499,6427,2853,3953,3075,499,0.443908510969348,0.61506145946787,0.478450287848141,0.0776412011825113
"AIA","Anguilla",1976,839,1850,1310,1956,590,6545,2689,3999,3266,590,0.410847975553858,0.61100076394194,0.499006875477464,0.0901451489686784
"AIA","Anguilla",1980,776,1663,1451,2051,671,6612,2439,3890,3502,671,0.368874773139746,0.58832425892317,0.529643073200242,0.101482153660012
"AIA","Anguilla",1984,778,1572,1430,2259,725,6764,2350,3780,3689,725,0.34742755765819,0.558840922531047,0.54538734476641,0.107185097575399
"AIA","Anguilla",1988,880,1589,1621,2996,721,7807,2469,4090,4617,721,0.316254643268861,0.52388881772768,0.591392340207506,0.0923530165236326
"AIA","Anguilla",1992,962,1760,1638,3882,763,9005,2722,4360,5520,763,0.302276513048306,0.484175458078845,0.612992781787896,0.0847307051637979
"AIA","Anguilla",1996,925,2002,1639,4692,742,10000,2927,4566,6331,742,0.2927,0.4566,0.6331,0.0742
"AIA","Anguilla",2000,1047,2116,1741,5492,800,11196,3163,4904,7233,800,0.282511611289746,0.438013576277242,0.646034297963558,0.0714540907466952
"AIA","Anguilla",2004,1041,2045,2030,6132,844,12092,3086,5116,8162,844,0.255210056235528,0.423089646046973,0.674991730069467,0.069798213695005
"AIA","Anguilla",2008,1005,2084,2008,6900,914,12911,3089,5097,8908,914,0.239253349856711,0.394779645263729,0.689954302532724,0.0707923476105646
"AIA","Anguilla",2012,971,2161,1871,7336,1062,13401,3132,5003,9207,1062,0.233713901947616,0.373330348481457,0.687038280725319,0.0792478173270652
"AIA","Anguilla",2016,818,2045,2004,8270,1207,14344,2863,4867,10274,1207,0.199595649749024,0.339305633017289,0.716257668711656,0.0841466815393196
"AIA","Anguilla",2020,773,1913,1979,8705,1494,14864,2686,4665,10684,1494,0.180705059203445,0.313845532831001,0.718783638320775,0.10051130247578
"ALB","Albania",1952,201609,309445,242441,476205,78656,1308356,511054,753495,718646,78656,0.390607755075836,0.57590976767791,0.549274050793515,0.0601181941306495
"ALB","Albania",1956,234861,341723,269059,524892,86272,1456807,576584,845643,793951,86272,0.395786126782752,0.58047702955848,0.544993949095522,0.0592199241217265
"ALB","Albania",1960,292845,386290,293291,586467,90342,1649235,679135,972426,879758,90342,0.411787889536664,0.589622461322977,0.533433986060204,0.0547781244031324
"ALB","Albania",1964,307048,471026,316950,652979,93292,1841295,778074,1095024,969929,93292,0.422568898519792,0.594703184443557,0.526764586880429,0.050666514599779
"ALB","Albania",1968,338406,536107,370209,722595,101460,2068777,874513,1244722,1092804,101460,0.422719800152457,0.601670455539674,0.528236731170155,0.0490434686773877
"ALB","Albania",1972,335642,604664,431917,805160,111839,2289222,940306,1372223,1237077,111839,0.410753522375724,0.599427665818344,0.54039188859796,0.0488545890263155
"ALB","Albania",1976,336343,635539,514781,896983,126827,2510473,971882,1486663,1411764,126827,0.387131030686249,0.592184421023449,0.562349804200244,0.0505191651135065
"ALB","Albania",1980,345385,646543,589596,1012580,141060,2735164,991928,1581524,1602176,141060,0.362657595668852,0.578219075711731,0.585769628439099,0.0515727758920489
"ALB","Albania",1984,359797,664841,625174,1164889,150106,2964807,1024638,1649812,1790063,150106,0.34560023637289,0.556465226910217,0.6037704983832,0.0506292652439096
"ALB","Albania",1988,385148,679428,644608,1334398,169228,3212810,1064576,1709184,1979006,169228,0.33135355031888,0.531990376025971,0.615973555859201,0.0526728938219191
"ALB","Albania",1992,377896,677682,606136,1435382,185273,3282369,1055578,1661714,2041518,185273,0.321590290427432,0.5062544765686,0.621964806516269,0.0564449030562987
"ALB","Albania",1996,322246,687916,550255,1476256,208825,3245498,1010162,1560417,2026511,208825,0.311250230319045,0.480794318776348,0.624406793656937,0.0643429760240185
"ALB","Albania",2000,285691,652015,543523,1452815,231923,3165967,937706,1481229,1996338,231923,0.296183125092586,0.467859898729203,0.630561847296576,0.0732550276108374
"ALB","Albania",2004,238092,589185,547361,1457968,265886,3098492,827277,1374638,2005329,265886,0.26699342777067,0.44364742590912,0.647195151706056,0.0858114205232739
"ALB","Albania",2008,190773,508483,538437,1450539,304535,2992767,699256,1237693,1988976,304535,0.233648660253204,0.413561429940921,0.664594336946378,0.101757002800418
"ALB","Albania",2012,172557,417945,533946,1450631,334814,2909893,590502,1124448,1984577,334814,0.202929111139138,0.386422456083437,0.682010300722398,0.115060588138464
"ALB","Albania",2016,179373,359815,498405,1485863,374266,2897722,539188,1037593,1984268,374266,0.186073060148627,0.358071961354471,0.684768242088095,0.129158697763277
"ALB","Albania",2020,158434,344790,426556,1518071,423914,2871765,503224,929780,1944627,423914,0.175231608435927,0.323766046316464,0.67715394539595,0.147614446168123
"AND","Andorra",1952,454,794,785,2823,618,5474,1248,2033,3608,618,0.227986846912678,0.3713920350749,0.65911582024114,0.112897332846182
"AND","Andorra",1956,614,1084,1041,3400,649,6788,1698,2739,4441,649,0.250147318797879,0.403506187389511,0.654242781378904,0.0956098998232174
"AND","Andorra",1960,1025,1549,1508,4779,671,9532,2574,4082,6287,671,0.270037767519933,0.42824171212757,0.659567771716324,0.0703944607637432
"AND","Andorra",1964,1415,2231,1884,6567,690,12787,3646,5530,8451,690,0.285133338546962,0.432470477829045,0.660905607257371,0.0539610541956675
"AND","Andorra",1968,1754,3456,2755,8392,844,17201,5210,7965,11147,844,0.302889366897273,0.463054473577118,0.648043718388466,0.0490669147142608
"AND","Andorra",1972,2261,4444,4557,10534,1182,22978,6705,11262,15091,1182,0.291800852989816,0.490120985290278,0.656758638697885,0.0514405083122987
"AND","Andorra",1976,2884,4879,6346,13714,1634,29457,7763,14109,20060,1634,0.26353668058526,0.478969345147164,0.680992633329939,0.0554706860848016
"AND","Andorra",1980,2609,5758,6993,18149,2293,35802,8367,15360,25142,2293,0.233702027819675,0.429026311379253,0.702251270878722,0.0640467013016033
"AND","Andorra",1984,2476,6511,7253,22925,3126,42291,8987,16240,30178,3126,0.212503842425102,0.384006053297392,0.713579721453737,0.0739164361211605
"AND","Andorra",1988,2313,6987,7795,27968,4375,49438,9300,17095,35763,4375,0.18811440592257,0.345786641854444,0.72339091387192,0.0884946802055099
"AND","Andorra",1992,3125,6807,9764,34752,5764,60212,9932,19696,44516,5764,0.164950508204345,0.327110874908656,0.739321065568325,0.0957284262273301
"AND","Andorra",1996,3329,6635,8745,38245,7047,64001,9964,18709,46990,7047,0.155685067420822,0.292323557444415,0.734207278011281,0.110107654567897
"AND","Andorra",2000,3401,6685,7616,39899,8074,65675,10086,17702,47515,8074,0.153574419489912,0.269539398553483,0.723486867148839,0.122938713361249
"AND","Andorra",2004,3642,7408,7974,46155,9112,74291,11050,19024,54129,9112,0.148739416618433,0.256074087036115,0.72860777213929,0.122652811242277
"AND","Andorra",2008,3758,8387,8629,52571,10116,83461,12145,20774,61200,10116,0.145517067852051,0.24890667497394,0.733276620217826,0.121206311930123
"AND","Andorra",2012,3695,8234,7598,47578,9690,76795,11929,19527,55176,9690,0.155335633830328,0.254274366820757,0.718484276320073,0.1261800898496
"AND","Andorra",2016,3153,7746,7650,44246,9356,72151,10899,18549,51896,9356,0.151058197391582,0.257085833876176,0.719269310196671,0.129672492411748
"AND","Andorra",2020,2609,7763,8343,47672,10989,77376,10372,18715,56015,10989,0.134046732837055,0.241870864350703,0.723932485525227,0.142020781637717
"ARE","United Arab Emirates",1952,14118,22907,16890,28196,2669,84780,37025,53915,45086,2669,0.436718565699457,0.635940080207596,0.531799952819061,0.0314814814814815
"ARE","United Arab Emirates",1956,16182,28783,24503,34566,2942,106976,44965,69468,59069,2942,0.420327924020341,0.649379300029913,0.55217058031708,0.0275014956625785
"ARE","United Arab Emirates",1960,18643,30964,33120,45530,3091,131348,49607,82727,78650,3091,0.377676097085605,0.629830678807443,0.598790997959619,0.0235329049547766
"ARE","United Arab Emirates",1964,23716,31377,38911,62567,3131,159702,55093,94004,101478,3131,0.34497376363477,0.588621307184631,0.63542097155953,0.0196052648057006
"ARE","United Arab Emirates",1968,23976,38254,44775,89156,3271,199432,62230,107005,133931,3271,0.312036182759036,0.53654879858799,0.671562236752377,0.0164015804885876
"ARE","United Arab Emirates",1972,48036,60837,99965,170330,5857,385025,108873,208838,270295,5857,0.282768651386274,0.542401142782936,0.702019349392897,0.0152119992208298
"ARE","United Arab Emirates",1976,73109,92736,130801,308404,10821,615871,165845,296646,439205,10821,0.269285288639991,0.481669050823955,0.713144473436807,0.0175702379232014
"ARE","United Arab Emirates",1980,132132,146339,187203,537863,12174,1015711,278471,465674,725066,12174,0.274163615437856,0.458470962704943,0.713850691781422,0.0119856927807221
"ARE","United Arab Emirates",1984,178726,215491,202129,694772,14887,1306005,394217,596346,896901,14887,0.30184953350102,0.456618466238644,0.686751582114923,0.0113988843840567
"ARE","United Arab Emirates",1988,206678,312199,284241,860795,17884,1681797,518877,803118,1145036,17884,0.308525345211105,0.477535635989361,0.680840791129964,0.0106338636589315
"ARE","United Arab Emirates",1992,220605,373670,392940,1106162,21360,2114737,594275,987215,1499102,21360,0.281016031780784,0.466826371317095,0.708883421437276,0.0101005467819403
"ARE","United Arab Emirates",1996,219592,434404,429528,1487719,26326,2597569,653996,1083524,1917247,26326,0.251772330205665,0.417130016565489,0.738092809084186,0.0101348607101486
"ARE","United Arab Emirates",2000,268801,459151,723091,1997989,44548,3493580,727952,1451043,2721080,44548,0.208368493064421,0.415345576743627,0.77888011724363,0.0127513896919492
"ARE","United Arab Emirates",2004,297233,492359,764737,2801156,73469,4428954,789592,1554329,3565893,73469,0.178279566687755,0.350947198819405,0.805132092137331,0.016588341174914
"ARE","United Arab Emirates",2008,363456,699208,882946,4259053,97995,6302658,1062664,1945610,5141999,97995,0.168605689853392,0.308696743500917,0.815846108102328,0.0155482020442804
"ARE","United Arab Emirates",2012,423203,836345,1039681,5087861,110025,7497115,1259548,2299229,6127542,110025,0.168004359010099,0.306681836946612,0.817319995758368,0.0146756452315324
"ARE","United Arab Emirates",2016,509164,1009020,1261083,6117473,134115,9030855,1518184,2779267,7378556,134115,0.16811077135,0.307752366747113,0.817038475316014,0.0148507533339866
"ARE","United Arab Emirates",2020,531884,1034639,1320922,6413294,147781,9448520,1566523,2887445,7734216,147781,0.165795595500671,0.305597596237294,0.818563753900082,0.0156406505992473
"ARG","Argentina",1952,2053031,3470600,3126465,8292873,755861,17698830,5523631,8650096,11419338,755861,0.312090177712312,0.488738295130243,0.645202987994122,0.0427068342935663
"ARG","Argentina",1956,2170850,3809198,3179152,8988242,902519,19049961,5980048,9159200,12167394,902519,0.313913923498321,0.480798884575144,0.63870965405126,0.0473764224504187
"ARG","Argentina",1960,2254661,4109081,3351875,9594966,1075466,20386049,6363742,9715617,12946841,1075466,0.312161616014952,0.4765816564063,0.6350833847206,0.052754999264448
"ARG","Argentina",1964,2338603,4330555,3673013,10154728,1272548,21769447,6669158,10342171,13827741,1272548,0.306354038299641,0.475077341192911,0.635190273781415,0.0584556879189444
"ARG","Argentina",1968,2390393,4518087,4026213,10731779,1484103,23150575,6908480,10934693,14757992,1484103,0.298415050166141,0.472329218604721,0.637478421162325,0.0641065286715341
"ARG","Argentina",1972,2606467,4662473,4308040,11369990,1697354,24644324,7268940,11576980,15678030,1697354,0.294953921235575,0.46976253030921,0.636172045132989,0.0688740336314358
"ARG","Argentina",1976,2939964,4884084,4485985,12047122,1925110,26282265,7824048,12310033,16533107,1925110,0.297693064125181,0.468377934702355,0.629059443697109,0.07324749217771
"ARG","Argentina",1980,3250595,5282543,4597829,12710787,2169806,28011560,8533138,13130967,17308616,2169806,0.304629160246698,0.468769572276589,0.61790974868947,0.0774610910638322
"ARG","Argentina",1984,3329918,5914845,4760162,13470261,2387838,29863024,9244763,14004925,18230423,2387838,0.309572232202606,0.468972097400451,0.610468082535781,0.0799596852616132
"ARG","Argentina",1988,3355064,6416632,5074041,14275806,2658868,31780411,9771696,14845737,19349847,2658868,0.307475444543496,0.467134833467069,0.608860816809449,0.0836637386470553
"ARG","Argentina",1992,3486475,6634595,5592565,14989882,2989772,33693289,10121070,15713635,20582447,2989772,0.300388305813659,0.466372843565376,0.61087675352798,0.0887349406583608
"ARG","Argentina",1996,3580962,6750523,6157732,15706791,3317271,35513279,10331485,16489217,21864523,3317271,0.290918926410597,0.464311307328169,0.6156717604139,0.0934093131755026
"ARG","Argentina",2000,3530228,6951688,6493981,16643297,3593762,37212956,10481916,16975897,23137278,3593762,0.281673834242031,0.456182438180939,0.621753294739606,0.0965728710183625
"ARG","Argentina",2004,3497605,7062737,6610228,17803698,3839867,38814135,10560342,17170570,24413926,3839867,0.272074644971478,0.442379303313084,0.628995751161271,0.0989296038672509
"ARG","Argentina",2008,3532320,7035364,6772277,18963430,4118004,40421395,10567684,17339961,25735707,4118004,0.261437884565834,0.428979776675199,0.636685275211308,0.101876840222857
"ARG","Argentina",2012,3680572,6992817,6972464,20028875,4482912,42157640,10673389,17645853,27001339,4482912,0.253178047917293,0.418568330675057,0.640485069847363,0.106336882235343
"ARG","Argentina",2016,3735430,7128839,7029111,21103784,4897722,43894886,10864269,17893380,28132895,4897722,0.247506486290909,0.407641564441015,0.640915094300507,0.111578419408584
"ARG","Argentina",2020,3376302,7333780,6965105,22187089,5322719,45184995,10710082,17675187,29152194,5322719,0.237027402570256,0.391173817768487,0.645174222106255,0.11779837532349
"ARM","Armenia",1952,200483,276491,334260,527797,115045,1454076,476974,811234,862057,115045,0.328025495228585,0.557903438334723,0.592855531622831,0.0791189731485837
"ARM","Armenia",1956,244316,286712,349821,634198,115740,1630787,531028,880849,984019,115740,0.325626829254832,0.54013736925791,0.603401302561279,0.0709718681838891
"ARM","Armenia",1960,306489,392137,313861,745134,106056,1863677,698626,1012487,1058995,106056,0.374864313934228,0.54327386129678,0.568228829351867,0.0569068567139048
"ARM","Armenia",1964,338732,514480,280180,884837,101887,2120116,853212,1133392,1165017,101887,0.402436470457277,0.534589616794553,0.549506253431416,0.0480572761113071
"ARM","Armenia",1968,302364,634682,351499,967040,111729,2367314,937046,1288545,1318539,111729,0.395826662622702,0.544306754406048,0.556976810004925,0.0471965273723722
"ARM","Armenia",1972,277048,672599,485019,1012069,130333,2577068,949647,1434666,1497088,130333,0.368499007399106,0.556704751291002,0.580926851755561,0.0505741408453328
"ARM","Armenia",1976,292554,632823,626930,1114668,151178,2818153,925377,1552307,1741598,151178,0.328362938421015,0.550824245525349,0.61799270657058,0.0536443550084044
"ARM","Armenia",1980,341096,606169,726790,1269557,163790,3107402,947265,1674055,1996347,163790,0.304841472072168,0.538731390402658,0.64244890104338,0.052709626884452
"ARM","Armenia",1984,372444,600212,660537,1432131,159209,3224533,972656,1633193,2092668,159209,0.301642439385796,0.506489776969254,0.648983279129102,0.0493742814851019
"ARM","Armenia",1988,397689,629050,581771,1585031,161565,3355106,1026739,1608510,2166802,161565,0.306022820143387,0.479421514551254,0.645822218433635,0.0481549614229774
"ARM","Armenia",1992,399895,706352,559727,1700416,205442,3571832,1106247,1665974,2260143,205442,0.309714174686827,0.466420033193051,0.632768562463184,0.0575172628499885
"ARM","Armenia",1996,279166,748705,489540,1502853,258455,3278719,1027871,1517411,1992393,258455,0.313497741038497,0.462806053217735,0.607674216668156,0.0788280422933469
"ARM","Armenia",2000,202658,618115,558782,1460182,285873,3125610,820773,1379555,2018964,285873,0.262596101241038,0.441371444294074,0.645942392045073,0.0914615067138894
"ARM","Armenia",2004,177673,489518,592064,1436597,326659,3022511,667191,1259255,2028661,326659,0.220740635848803,0.416625448178683,0.671183992382493,0.108075371768705
"ARM","Armenia",2008,196375,378310,584816,1470362,330089,2959952,574685,1159501,2055178,330089,0.19415348627275,0.391729663183727,0.694328151267318,0.111518362459932
"ARM","Armenia",2012,211428,357354,497268,1544932,311488,2922470,568782,1066050,2042200,311488,0.194623725820967,0.364777055025372,0.698792459802838,0.106583814376195
"ARM","Armenia",2016,212383,380750,394708,1605660,325238,2918739,593133,987841,2000368,325238,0.203215498199736,0.338447870809963,0.685353503687723,0.111430998112541
"ARM","Armenia",2020,186117,396951,339160,1611832,356775,2890835,583068,922228,1950992,356775,0.20169535791562,0.319017861621296,0.67488874321779,0.12341589886659
"ASM","American Samoa",1952,3656,5508,3851,6096,465,19576,9164,13015,9947,465,0.468124233755619,0.664844707805476,0.50812219043727,0.0237535758071107
"ASM","American Samoa",1956,3702,5891,3787,6044,536,19960,9593,13380,9831,536,0.48061122244489,0.670340681362725,0.492535070140281,0.0268537074148297
"ASM","American Samoa",1960,3743,6160,3713,6004,539,20159,9903,13616,9717,539,0.491244605387172,0.675430328885361,0.482017957239942,0.0267374373728856
"ASM","American Samoa",1964,4176,6697,4389,6869,561,22692,10873,15262,11258,561,0.47915564956813,0.672571831482461,0.496121981315001,0.0247223691168694
"ASM","American Samoa",1968,4592,7617,4912,7860,648,25629,12209,17121,12772,648,0.476374419602794,0.668032307152054,0.498341722267744,0.0252838581294627
"ASM","American Samoa",1972,4692,8186,5441,9004,696,28019,12878,18319,14445,696,0.459616688675542,0.653806345693993,0.515543024376316,0.0248402869481423
"ASM","American Samoa",1976,4598,8481,5942,10177,783,29981,13079,19021,16119,783,0.436242953870785,0.634435142256763,0.537640505653581,0.0261165404756346
"ASM","American Samoa",1980,4828,8359,7020,11280,940,32427,13187,20207,18300,940,0.406667283436642,0.623153544885435,0.564344527708391,0.0289881888549665
"ASM","American Samoa",1984,5621,9220,8230,13476,1143,37690,14841,23071,21706,1143,0.393764924383125,0.612125232157071,0.575908729105864,0.0303263465110109
"ASM","American Samoa",1988,6515,10281,9072,16385,1381,43634,16796,25868,25457,1381,0.384929183664115,0.592840445524133,0.583421185314205,0.0316496310216803
"ASM","American Samoa",1992,7730,11192,9378,19118,1636,49054,18922,28300,28496,1636,0.385738166102662,0.576915236270233,0.580910832959596,0.0333510009377421
"ASM","American Samoa",1996,8084,12737,9388,21391,1778,53378,20821,30209,30779,1778,0.390067068829855,0.565944771254075,0.576623327962831,0.0333096032073139
"ASM","American Samoa",2000,7785,14191,9706,23323,1872,56877,21976,31682,33029,1872,0.386377621885824,0.557026566098775,0.580709249784623,0.0329131283295532
"ASM","American Samoa",2004,7147,14104,9569,23905,2116,56841,21251,30820,33474,2116,0.37386745483014,0.542214246758502,0.58890589539241,0.0372266497774494
"ASM","American Samoa",2008,6668,13222,9866,23895,2197,55848,19890,29756,33761,2197,0.356145251396648,0.532803323306117,0.60451582867784,0.0393389199255121
"ASM","American Samoa",2012,6011,12080,10329,23663,2423,54506,18091,28420,33992,2423,0.331908413752614,0.521410486918871,0.623637764649763,0.0444538215976223
"ASM","American Samoa",2016,4990,11434,9036,23983,2817,52260,16424,25460,33019,2817,0.314274779946422,0.487179487179487,0.631821660926139,0.0539035591274397
"ASM","American Samoa",2020,4516,10252,8389,23449,3173,49779,14768,23157,31838,3173,0.296671287088933,0.465196167058398,0.639586974426967,0.0637417384840997
"ATG","Antigua and Barbuda",1952,7263,12533,8364,17344,1912,47416,19796,28160,25708,1912,0.417496203813059,0.593892357010292,0.542179854901299,0.040323941285642
"ATG","Antigua and Barbuda",1956,7871,13092,9971,18446,2020,51400,20963,30934,28417,2020,0.40784046692607,0.601828793774319,0.552859922178988,0.0392996108949416
"ATG","Antigua and Barbuda",1960,8501,13782,11187,20002,2149,55621,22283,33470,31189,2149,0.400622067204833,0.601751137160425,0.560741446575933,0.0386364862192337
"ATG","Antigua and Barbuda",1964,9096,14751,11274,21229,2685,59035,23847,35121,32503,2685,0.403946811213687,0.594918268823579,0.550571694757347,0.0454814940289659
"ATG","Antigua and Barbuda",1968,9518,17757,11471,21042,3044,62832,27275,38746,32513,3044,0.434094092182327,0.61666030048383,0.517459256429845,0.0484466513878279
"ATG","Antigua and Barbuda",1972,8250,18636,13220,21028,3497,64631,26886,40106,34248,3497,0.415992325664155,0.62053813185623,0.529900512138138,0.054107162197707
"ATG","Antigua and Barbuda",1976,6712,16518,14876,21424,4249,63779,23230,38106,36300,4249,0.364226469527587,0.597469386475172,0.569152855955722,0.0666206745166904
"ATG","Antigua and Barbuda",1980,6849,13782,16184,22701,5015,64531,20631,36815,38885,5015,0.319706807580853,0.570500999519611,0.602578605631402,0.0777145867877454
"ATG","Antigua and Barbuda",1984,6482,12100,15503,25149,5665,64899,18582,34085,40652,5665,0.286321823140572,0.525200696466818,0.626388696281915,0.0872894805775127
"ATG","Antigua and Barbuda",1988,6406,12104,12857,26472,5802,63641,18510,31367,39329,5802,0.290850238054085,0.49287409060197,0.617982118445656,0.0911676435002593
"ATG","Antigua and Barbuda",1992,6359,12530,11899,28008,5626,64422,18889,30788,39907,5626,0.293207289435286,0.477911272546646,0.619462295489119,0.0873304150755953
"ATG","Antigua and Barbuda",1996,6755,13121,12078,32162,5512,69628,19876,31954,44240,5512,0.2854598724651,0.458924570575056,0.635376572643189,0.0791635548917102
"ATG","Antigua and Barbuda",2000,7044,13751,12490,36120,5522,74927,20795,33285,48610,5522,0.277536802487755,0.444232386189224,0.648764797736463,0.0736983997757818
"ATG","Antigua and Barbuda",2004,6669,14095,12951,39371,5643,78729,20764,33715,52322,5643,0.26374017198237,0.428241181775458,0.66458357149208,0.0716762565255497
"ATG","Antigua and Barbuda",2008,6349,14038,13741,42952,5838,82918,20387,34128,56693,5838,0.245869413155165,0.411587351359174,0.683723678815215,0.0704069080296196
"ATG","Antigua and Barbuda",2012,6498,13261,14433,46561,6510,87263,19759,34192,60994,6510,0.226430445893449,0.391827005718346,0.698967489084721,0.0746020650218306
"ATG","Antigua and Barbuda",2016,5591,12983,14353,49446,7592,89965,18574,32927,63799,7592,0.206458067026066,0.365997888067582,0.709153559717668,0.0843883732562663
"ATG","Antigua and Barbuda",2020,5224,12322,13710,51537,9055,91848,17546,31256,65247,9055,0.191033011061754,0.340301367476701,0.710380193362947,0.0985867955752983
"AUS","Australia",1952,940771,1442827,1191922,4349132,705994,8630646,2383598,3575520,5541054,705994,0.276178399623852,0.414281850976161,0.64202077109871,0.0818008292774376
"AUS","Australia",1956,1010842,1756707,1236418,4625619,794989,9424575,2767549,4003967,5862037,794989,0.293652392813469,0.424843242268219,0.621994837963516,0.0843527692230154
"AUS","Australia",1960,1093789,2011894,1438687,4859973,876360,10280703,3105683,4544370,6298660,876360,0.302088582852748,0.442029110266098,0.612668219284226,0.0852431978630255
"AUS","Australia",1964,1162180,2153223,1750806,5112438,949456,11128103,3315403,5066209,6863244,949456,0.297930653589385,0.455262590578107,0.616748784586196,0.0853205618244188
"AUS","Australia",1968,1151483,2345663,2056055,5462883,1013740,12029824,3497146,5553201,7518938,1013740,0.290706331198195,0.46161947173957,0.625024771767234,0.0842688970345701
"AUS","Australia",1972,1279560,2511253,2298025,6099475,1116353,13304666,3790813,6088838,8397500,1116353,0.284923574932283,0.457646813531433,0.631169546082555,0.0839068789851621
"AUS","Australia",1976,1238610,2554996,2438629,6567474,1246757,14046466,3793606,6232235,9006103,1246757,0.270075476635903,0.443687045552953,0.641165044645393,0.088759478718704
"AUS","Australia",1980,1137710,2583238,2579490,7009542,1410938,14720918,3720948,6300438,9589032,1410938,0.2527660299446,0.427992194508522,0.651388181090337,0.0958457889650632
"AUS","Australia",1984,1187916,2560034,2648017,7652255,1571851,15620073,3747950,6395967,10300272,1571851,0.239944461207064,0.409471005673277,0.659425343274644,0.100630195518292
"AUS","Australia",1988,1236165,2483043,2744009,8342635,1787473,16593325,3719208,6463217,11086644,1787473,0.224138802801729,0.389507045754844,0.66813878472217,0.107722412476101
"AUS","Australia",1992,1289508,2542572,2761044,8953168,2002041,17548333,3832080,6593124,11714212,2002041,0.218372879064923,0.375712268510063,0.667539874015384,0.114087246919693
"AUS","Australia",1996,1299404,2616499,2671552,9527998,2188705,18304158,3915903,6587455,12199550,2188705,0.213935161617377,0.359888447204182,0.666490641088216,0.119574197294407
"AUS","Australia",2000,1283954,2686856,2617825,10183254,2359171,19131060,3970810,6588635,12801079,2359171,0.207558284799692,0.344394665010721,0.669125443127563,0.123316272072745
"AUS","Australia",2004,1279711,2721009,2768706,10717141,2558425,20044992,4000720,6769426,13485847,2558425,0.199587009064409,0.337711584020587,0.672778866661558,0.127634124274033
"AUS","Australia",2008,1390249,2736915,2991808,11435557,2813857,21368386,4127164,7118972,14427365,2813857,0.193143459688532,0.333154408573488,0.675173361244972,0.131683179066496
"AUS","Australia",2012,1501303,2828292,3106470,12197087,3216713,22849865,4329595,7436065,15303557,3216713,0.189480112902199,0.325431463161817,0.669743869383911,0.14077601771389
"AUS","Australia",2016,1576866,3018484,3189684,12858740,3682670,24326444,4595350,7785034,16048424,3682670,0.188903482975152,0.320023510217934,0.659711053534993,0.151385463489855
"AUS","Australia",2020,1543269,3234705,3203243,13556366,4201630,25739213,4777974,7981217,16759609,4201630,0.185630151162741,0.310080071212745,0.651131369090422,0.163238479746836
"AUT","Austria",1952,512564,1083136,900800,3679343,751392,6927235,1595700,2496500,4580143,751392,0.230351648240604,0.360389101856657,0.661179099597458,0.108469252161938
"AUT","Austria",1956,498528,1025818,957007,3666873,804019,6952245,1524346,2481353,4623880,804019,0.219259534150479,0.356913917734487,0.665091635867263,0.115648829982258
"AUT","Austria",1960,570905,982596,1034041,3598575,861128,7047245,1553501,2587542,4632616,861128,0.220440895697539,0.36717071706745,0.657365537880406,0.122193566422056
"AUT","Austria",1964,632992,1034421,1074068,3544890,936980,7223351,1667413,2741481,4618958,936980,0.23083649126285,0.379530359247391,0.639448089951603,0.129715418785547
"AUT","Austria",1968,633472,1153266,994771,3613619,1019441,7414569,1786738,2781509,4608390,1019441,0.240976650159976,0.375141023031818,0.62153174378713,0.137491606052894
"AUT","Austria",1972,571769,1250942,1059967,3579409,1081104,7543191,1822711,2882678,4639376,1081104,0.241636596501401,0.382156304937791,0.615041565300415,0.143321838198184
"AUT","Austria",1976,477635,1243453,1123075,3583472,1136727,7564362,1721088,2844163,4706547,1136727,0.22752586404511,0.37599509383607,0.622200127386817,0.150274008568072
"AUT","Austria",1980,430079,1111327,1247480,3597615,1161793,7548294,1541406,2788886,4845095,1161793,0.204205877513515,0.36947236024458,0.641879476342601,0.153914646143884
"AUT","Austria",1984,454186,956123,1293392,3786700,1070172,7560573,1410309,2703701,5080092,1070172,0.186534671380066,0.357605303195935,0.671918914082306,0.141546414537628
"AUT","Austria",1988,440906,897056,1211474,3917553,1118169,7585158,1337962,2549436,5129027,1118169,0.17639210679593,0.336108489763826,0.67619250647119,0.14741538673288
"AUT","Austria",1992,465338,921769,1106804,4177432,1171115,7842458,1387107,2493911,5284236,1171115,0.176871460452833,0.318001192993319,0.67379844431427,0.149330095232898
"AUT","Austria",1996,465311,945507,983204,4352729,1213824,7960575,1410818,2394022,5335933,1213824,0.177225640107656,0.300734808729269,0.670294922163286,0.152479437729059
"AUT","Austria",2000,419493,945966,954728,4455495,1236790,8012472,1365459,2320187,5410223,1236790,0.170416695371915,0.289571932357455,0.675225198914892,0.154358105713193
"AUT","Austria",2004,396306,930131,1002204,4558873,1285353,8172867,1326437,2328641,5561077,1285353,0.162297636802361,0.284923393467678,0.680431603744439,0.1572707594532
"AUT","Austria",2008,396189,872995,1020577,4595149,1437462,8322372,1269184,2289761,5615726,1437462,0.152502675919798,0.275133219231248,0.674774691638393,0.172722632441809
"AUT","Austria",2012,395290,826459,1018539,4677864,1512263,8430415,1221749,2240288,5696403,1512263,0.144921572662793,0.265738756632977,0.675696629406737,0.17938179793047
"AUT","Austria",2016,420887,834412,1013249,4852863,1615364,8736775,1255299,2268548,5866112,1615364,0.143679904770353,0.259655078676056,0.671427614880777,0.18489248034887
"AUT","Austria",2020,435044,849027,948917,4978200,1708867,8920055,1284071,2232988,5927117,1708867,0.143953260377879,0.250333434042727,0.664470902926047,0.191575836696074
"AZE","Azerbaijan",1952,462873,624712,777899,1189677,191843,3247004,1087585,1865484,1967576,191843,0.334950311117572,0.574524700308346,0.605966607986932,0.0590830808954963
"AZE","Azerbaijan",1956,588197,629638,816084,1332200,185262,3551381,1217835,2033919,2148284,185262,0.342918712467066,0.572712136490002,0.604915102040587,0.0521661854923479
"AZE","Azerbaijan",1960,742586,864855,683216,1507482,184559,3982698,1607441,2290657,2190698,184559,0.403606047960453,0.575152070279996,0.550053757528188,0.0463401945113589
"AZE","Azerbaijan",1964,863285,1157834,577202,1712726,192597,4503644,2021119,2598321,2289928,192597,0.448774148223083,0.576937475519824,0.508461148350092,0.042764703426825
"AZE","Azerbaijan",1968,834833,1432423,692604,1811103,205512,4976475,2267256,2959860,2503707,205512,0.455594773408889,0.594770394707097,0.503108525613009,0.041296700978102
"AZE","Azerbaijan",1972,741408,1602169,988316,1829956,219059,5380908,2343577,3331893,2818272,219059,0.435535601054692,0.619206461065679,0.523753983528431,0.0407104154168776
"AZE","Azerbaijan",1976,711063,1572106,1270898,2004133,232827,5791027,2283169,3554067,3275031,232827,0.394259774647917,0.613719639020851,0.565535439568836,0.0402047857832471
"AZE","Azerbaijan",1980,733651,1463455,1557409,2289331,240853,6284699,2197106,3754515,3846740,240853,0.349596058617923,0.597405699143268,0.612080228504181,0.038323712877896
"AZE","Azerbaijan",1984,854197,1395598,1573441,2635224,247826,6706286,2249795,3823236,4208665,247826,0.335475552339999,0.570097368349635,0.627570163276663,0.0369542843833383
"AZE","Azerbaijan",1988,905472,1443693,1435313,3033390,263526,7081394,2349165,3784478,4468703,263526,0.33173764939502,0.534425566491569,0.631048491299877,0.0372138593051029
"AZE","Azerbaijan",1992,936474,1587189,1332400,3231301,318413,7405777,2523663,3856063,4563701,318413,0.340769510073015,0.520683109955917,0.616235271464426,0.0429952184625597
"AZE","Azerbaijan",1996,837408,1765793,1355209,3474042,398519,7830971,2603201,3958410,4829251,398519,0.332423782440262,0.505481376447442,0.616686104443497,0.0508901131162406
"AZE","Azerbaijan",2000,652329,1827472,1506639,3735908,452413,8174761,2479801,3986440,5242547,452413,0.303348440400888,0.487652177231848,0.641308901874929,0.055342657724183
"AZE","Azerbaijan",2004,587317,1618386,1703437,4031812,548879,8489831,2205703,3909140,5735249,548879,0.259805289410355,0.460449683862965,0.675543364761913,0.064651345827732
"AZE","Azerbaijan",2008,746630,1326455,1841724,4461965,565829,8942603,2073085,3914809,6303689,565829,0.231821204631358,0.437770635686276,0.704905383812744,0.0632734115558971
"AZE","Azerbaijan",2012,811952,1277150,1758909,4995755,532370,9376136,2089102,3848011,6754664,532370,0.222810547969867,0.410404776551876,0.720410198828174,0.0567792532019587
"AZE","Azerbaijan",2016,895011,1450165,1480873,5455567,586772,9868388,2345176,3826049,6936440,586772,0.237645297286649,0.387707597228646,0.702894940896122,0.0594597618172289
"AZE","Azerbaijan",2020,731347,1650155,1367532,5731851,700805,10181690,2381502,3749034,7099383,700805,0.233900462496894,0.368213331971411,0.697269608483464,0.0688299290196421
"BDI","Burundi",1952,421929,574167,435640,848295,75776,2355807,996096,1431736,1283935,75776,0.422825808735605,0.607747578642902,0.54500856818916,0.0321656230752349
"BDI","Burundi",1956,480900,641886,460687,890414,81425,2555312,1122786,1583473,1351101,81425,0.439392919533896,0.61967892766128,0.52874208707195,0.031864993394153
"BDI","Burundi",1960,505790,742192,495553,933447,87283,2764265,1247982,1743535,1429000,87283,0.451469739695724,0.630740902192807,0.5169547782141,0.0315754820901759
"BDI","Burundi",1964,548104,841893,553910,1013722,98022,3055651,1389997,1943907,1567632,98022,0.454893899859637,0.636167873883503,0.51302717489661,0.0320789252437533
"BDI","Burundi",1968,611557,905696,649125,1104840,109169,3380387,1517253,2166378,1753965,109169,0.448840029262922,0.640866859327053,0.518865147688711,0.0322948230483669
"BDI","Burundi",1972,671450,974604,711737,1141702,117641,3617134,1646054,2357791,1853439,117641,0.455071335482733,0.651839550318014,0.512405401624601,0.0325232628926658
"BDI","Burundi",1976,712553,1065811,778964,1198856,126441,3882625,1778364,2557328,1977820,126441,0.458031357651074,0.658659540903384,0.5094027880622,0.0325658542867261
"BDI","Burundi",1980,815759,1174877,872343,1380501,140212,4383692,1990636,2862979,2252844,140212,0.454100333691327,0.65309766288325,0.513914754959974,0.0319849113486988
"BDI","Burundi",1984,972935,1308170,948274,1544975,152116,4926470,2281105,3229379,2493249,152116,0.463030323943919,0.655515815583978,0.506092394757301,0.0308772812987799
"BDI","Burundi",1988,1065538,1507569,1009376,1625157,157692,5365332,2573107,3582483,2634533,157692,0.479580201187923,0.667709472591817,0.491028886935608,0.0293909118764692
"BDI","Burundi",1992,1133309,1730523,1108485,1728400,157683,5858400,2863832,3972317,2836885,157683,0.488842004642906,0.678054929673631,0.484242284582821,0.0269157107742728
"BDI","Burundi",1996,1125310,1887247,1206131,1700076,151654,6070418,3012557,4218688,2906207,151654,0.496268461249291,0.694958403193981,0.478749074610678,0.0249824641400312
"BDI","Burundi",2000,1158598,1964073,1418558,1773699,155262,6470190,3122671,4541229,3192257,155262,0.482624312423592,0.701869496877217,0.493379174336457,0.0239965132399512
"BDI","Burundi",2004,1324445,2050050,1681020,2083005,172119,7310639,3374495,5055515,3764025,172119,0.461586873596138,0.69152846967276,0.514869493624292,0.0235436327795696
"BDI","Burundi",2008,1636626,2211711,1878171,2583361,195735,8505604,3848337,5726508,4461532,195735,0.452447233612099,0.673262945229992,0.524540291318524,0.0230124750693778
"BDI","Burundi",2012,1977486,2626803,1994336,3246723,225618,10070966,4604289,6598625,5241059,225618,0.457184444868546,0.65521271742949,0.52041273895672,0.0224028161747344
"BDI","Burundi",2016,2141808,3221260,1975551,3645767,255059,11239445,5363068,7338619,5621318,255059,0.477164842214184,0.652934286345989,0.50014195540794,0.0226932023778754
"BDI","Burundi",2020,2134255,3790294,2281591,4103664,307214,12617018,5924549,8206140,6385255,307214,0.469568086532016,0.650402496057309,0.506082736824185,0.0243491766437997
"BEL","Belgium",1952,695131,1159334,1243117,4622601,976419,8696602,1854465,3097582,5865718,976419,0.213240182774836,0.356183024128274,0.674483896124026,0.112275921101138
"BEL","Belgium",1956,710261,1276974,1168261,4699644,1026977,8882117,1987235,3155496,5867905,1026977,0.223734386745862,0.3552639534021,0.660642614818066,0.115622998436071
"BEL","Belgium",1960,750726,1405116,1124578,4730557,1091133,9102110,2155842,3280420,5855135,1091133,0.236850796134083,0.360402148512817,0.64327227423092,0.119876929634997
"BEL","Belgium",1964,772612,1460082,1227878,4708778,1168253,9337603,2232694,3460572,5936656,1168253,0.239107830992601,0.370606032404676,0.635779439327202,0.125112729680197
"BEL","Belgium",1968,752519,1526368,1384591,4631244,1254876,9549598,2278887,3663478,6015835,1254876,0.238636956236273,0.383626410242609,0.629956884048941,0.131406159714786
"BEL","Belgium",1972,697112,1558464,1461975,4656713,1320465,9694729,2255576,3717551,6118688,1320465,0.2326600361908,0.383461053939723,0.631135537672069,0.136204426137131
"BEL","Belgium",1976,632191,1498200,1529026,4726638,1372696,9758751,2130391,3659417,6255664,1372696,0.218305703260591,0.374988254132112,0.641031213933013,0.140663082806396
"BEL","Belgium",1980,606899,1384478,1584189,4840081,1417238,9832885,1991377,3575566,6424270,1417238,0.202522148891195,0.363633460576423,0.653345381340268,0.144132469768537
"BEL","Belgium",1984,600984,1284639,1548542,5094353,1345766,9874284,1885623,3434165,6642895,1345766,0.190963010583856,0.347788761190178,0.672747006263948,0.136289983152196
"BEL","Belgium",1988,583124,1221154,1464976,5212442,1434483,9916179,1804278,3269254,6677418,1434483,0.181952947803786,0.329688885204674,0.673386190386438,0.144660861809776
"BEL","Belgium",1992,616776,1208572,1340519,5341436,1538182,10045485,1825348,3165867,6681955,1538182,0.181708299798367,0.31515322555357,0.665169974371571,0.153121725830062
"BEL","Belgium",1996,599086,1214998,1276414,5426712,1639106,10156316,1814084,3090498,6703126,1639106,0.178616340807041,0.304293210254584,0.659995809504155,0.161387849688804
"BEL","Belgium",2000,577237,1227711,1243360,5480587,1721934,10250829,1804948,3048308,6723947,1721934,0.176078246939833,0.297371851583906,0.655941777977176,0.167979975082991
"BEL","Belgium",2004,573117,1223037,1258493,5576730,1788828,10420205,1796154,3054647,6835223,1788828,0.17237223260003,0.293146535984657,0.655958591985474,0.171669175414495
"BEL","Belgium",2008,610275,1198458,1298724,5774249,1826646,10708352,1808733,3107457,7072973,1826646,0.168908623848002,0.290190031108428,0.660509945881495,0.170581430270503
"BEL","Belgium",2012,651406,1234844,1337940,5940692,1941002,11105884,1886250,3224190,7278632,1941002,0.169842400658966,0.290313675165345,0.655385199413212,0.174772399927822
"BEL","Belgium",2016,634659,1289927,1320121,6007689,2078653,11331049,1924586,3244707,7327810,2078653,0.169850646661223,0.286355393926899,0.646701819046057,0.183447534292721
"BEL","Belgium",2020,604825,1333957,1311554,6071293,2216616,11538245,1938782,3250336,7382847,2216616,0.168030926713725,0.281701073256808,0.639858748015838,0.192110325270438
"BEN","Benin",1952,335994,498735,368913,914103,168035,2285780,834729,1203642,1283016,168035,0.365183438476144,0.526578235875719,0.561303362528327,0.0735131989955289
"BEN","Benin",1956,365298,536877,398840,923368,156511,2380894,902175,1301015,1322208,156511,0.37892279118684,0.546439698701412,0.555340976960755,0.065736231852405
"BEN","Benin",1960,409732,575461,439225,941831,151040,2517289,985193,1424418,1381056,151040,0.391370637221233,0.565853980214429,0.548628306086429,0.0600010566923385
"BEN","Benin",1964,468067,634302,478897,971961,150777,2704004,1102369,1581266,1450858,150777,0.407680240117988,0.584786856824176,0.536559117516098,0.0557606423659137
"BEN","Benin",1968,524207,721557,514463,1020513,153519,2934259,1245764,1760227,1534976,153519,0.424558295637842,0.599888080772693,0.523122192008272,0.0523195123538856
"BEN","Benin",1972,579809,825715,559878,1083970,158174,3207546,1405524,1965402,1643848,158174,0.43819293628213,0.612743199941638,0.512493975144862,0.0493130885730088
"BEN","Benin",1976,644325,935112,630786,1158094,163878,3532195,1579437,2210223,1788880,163878,0.447154531389122,0.625736404700194,0.506449955339385,0.0463955132714927
"BEN","Benin",1980,724050,1049617,727459,1254124,170003,3925253,1773667,2501126,1981583,170003,0.451860555230453,0.637188481863462,0.504829370234224,0.0433100745353229
"BEN","Benin",1984,832703,1181341,834212,1380990,176648,4405894,2014044,2848256,2215202,176648,0.457124933100978,0.646464939919117,0.50278150132527,0.0400935655737519
"BEN","Benin",1988,935191,1353133,945138,1548803,185068,4967333,2288324,3233462,2493941,185068,0.460674571243764,0.650945285931102,0.502068413774555,0.0372570149816813
"BEN","Benin",1992,1039578,1553770,1067808,1760605,196073,5617834,2593348,3661156,2828413,196073,0.461627737665442,0.651702417693367,0.503470376661183,0.0349018856733752
"BEN","Benin",1996,1169977,1767928,1216247,2027337,210352,6391841,2937905,4154152,3243584,210352,0.459633617294298,0.649914789807819,0.507456928293429,0.0329094544122734
"BEN","Benin",2000,1287624,1993762,1402239,2309601,228376,7221602,3281386,4683625,3711840,228376,0.454384775012525,0.648557619209699,0.513991216907273,0.0316240080802016
"BEN","Benin",2004,1422838,2229183,1616296,2639753,251002,8159072,3652021,5268317,4256049,251002,0.447602496950634,0.645700515941029,0.521633955430225,0.030763547619141
"BEN","Benin",2008,1601025,2483537,1824413,3037320,282144,9228439,4084562,5908975,4861733,282144,0.442605948850071,0.640300596883178,0.526820733170583,0.0305733179793462
"BEN","Benin",2012,1772670,2766406,2054168,3486454,317929,10397627,4539076,6593244,5540622,317929,0.436549224164321,0.634110456164661,0.532873702816999,0.0305770730186801
"BEN","Benin",2016,1976313,3090247,2288847,3987823,354582,11697812,5066560,7355407,6276670,354582,0.433120313439812,0.628784853099024,0.536567864144166,0.030311822416021
"BEN","Benin",2020,2116112,3458728,2542838,4555158,397299,13070135,5574840,8117678,7097996,397299,0.42653270222534,0.621086010205709,0.543069830571758,0.0303974672029019
"BES","Bonaire Sint Eustatius and Saba",1952,1012,1402,858,2931,938,7141,2414,3272,3789,938,0.338047892452038,0.458199131774261,0.530597955468422,0.131354152079541
"BES","Bonaire Sint Eustatius and Saba",1956,1124,1703,951,2946,914,7638,2827,3778,3897,914,0.370123068866195,0.494632102644671,0.510212097407698,0.119664833726106
"BES","Bonaire Sint Eustatius and Saba",1960,1175,1996,1131,2718,833,7853,3171,4302,3849,833,0.403794728129377,0.547816121227556,0.490131160066217,0.106074111804406
"BES","Bonaire Sint Eustatius and Saba",1964,1161,2075,1435,2926,875,8472,3236,4671,4361,875,0.381964117091596,0.551345609065156,0.514754485363551,0.103281397544854
"BES","Bonaire Sint Eustatius and Saba",1968,1329,2280,1549,3238,972,9368,3609,5158,4787,972,0.385247651579846,0.550597779675491,0.51099487617421,0.103757472245944
"BES","Bonaire Sint Eustatius and Saba",1972,1299,2761,1581,3580,1156,10377,4060,5641,5161,1156,0.391249879541293,0.543606051845427,0.497349908451383,0.111400212007324
"BES","Bonaire Sint Eustatius and Saba",1976,1167,2571,2079,3966,1274,11057,3738,5817,6045,1274,0.338066383286606,0.526092068372976,0.54671248982545,0.115221126887944
"BES","Bonaire Sint Eustatius and Saba",1980,1245,2364,2238,4610,1347,11804,3609,5847,6848,1347,0.30574381565571,0.495340562521179,0.580142324635717,0.114113859708573
"BES","Bonaire Sint Eustatius and Saba",1984,1250,2324,2176,5265,1269,12284,3574,5750,7441,1269,0.290947574080104,0.468088570498209,0.605747313578639,0.103305112341257
"BES","Bonaire Sint Eustatius and Saba",1988,1264,2367,1999,5925,1159,12714,3631,5630,7924,1159,0.285590687431178,0.442818939751455,0.623249960673274,0.0911593518955482
"BES","Bonaire Sint Eustatius and Saba",1992,1254,2469,1787,6582,1094,13186,3723,5510,8369,1094,0.282344911269528,0.417867435158501,0.634688305778856,0.0829667829516153
"BES","Bonaire Sint Eustatius and Saba",1996,1234,2344,1912,7163,1017,13670,3578,5490,9075,1017,0.261741038771031,0.401609363569861,0.663862472567666,0.0743964886613021
"BES","Bonaire Sint Eustatius and Saba",2000,1192,2525,1684,7771,1084,14256,3717,5401,9455,1084,0.260732323232323,0.378858024691358,0.663229517396184,0.0760381593714927
"BES","Bonaire Sint Eustatius and Saba",2004,1119,2586,2178,9178,1269,16330,3705,5883,11356,1269,0.226883037354562,0.360257195345989,0.695407225964483,0.0777097366809553
"BES","Bonaire Sint Eustatius and Saba",2008,1212,2563,2599,11145,1598,19117,3775,6374,13744,1598,0.19746822200136,0.333420515771303,0.718941256473296,0.0835905215253439
"BES","Bonaire Sint Eustatius and Saba",2012,1295,2741,2758,13776,2277,22847,4036,6794,16534,2277,0.176653389941787,0.297369457696853,0.723683634612859,0.0996629754453539
"BES","Bonaire Sint Eustatius and Saba",2016,1329,2959,2681,14747,2849,24565,4288,6969,17428,2849,0.17455729696723,0.283696315896601,0.709464685528191,0.11597801750458
"BES","Bonaire Sint Eustatius and Saba",2020,1360,3120,2570,15884,3542,26476,4480,7050,18454,3542,0.169209850430579,0.266278894092763,0.697008611572745,0.133781537996676
"BFA","Burkina Faso",1952,664030,1071199,835065,1647391,92668,4310353,1735229,2570294,2482456,92668,0.402572364722797,0.596307077401781,0.575928700039185,0.0214989352380188
"BFA","Burkina Faso",1956,719573,1089546,875146,1733295,109097,4526657,1809119,2684265,2608441,109097,0.399658953616322,0.59299058886061,0.576240037626001,0.024101008757677
"BFA","Burkina Faso",1960,786273,1118192,935197,1812765,126199,4778626,1904465,2839662,2747962,126199,0.398538199055544,0.594242361716527,0.575052745287034,0.0264090556574212
"BFA","Burkina Faso",1964,859890,1194770,976213,1896278,143889,5071040,2054660,3030873,2872491,143889,0.405175269767148,0.597682723859406,0.566450077301697,0.0283746529311542
"BFA","Burkina Faso",1968,942190,1324457,996839,1990263,164895,5418644,2266647,3263486,2987102,164895,0.418305206985364,0.602269866778478,0.551263747904457,0.0304310451101789
"BFA","Burkina Faso",1972,1024299,1466543,1033086,2094877,188433,5807238,2490842,3523928,3127963,188433,0.428920254344664,0.606816527926012,0.538631790190104,0.0324479554652315
"BFA","Burkina Faso",1976,1129012,1623412,1146955,2166549,214710,6280638,2752424,3899379,3313504,214710,0.438239554643971,0.620857148589045,0.527574427948243,0.0341860174077856
"BFA","Burkina Faso",1980,1297022,1809397,1293986,2301932,245563,6947900,3106419,4400405,3595918,245563,0.447101858115402,0.633343168439385,0.517554656802775,0.0353434850818233
"BFA","Burkina Faso",1984,1480779,2061072,1455234,2498332,276843,7772260,3541851,4997085,3953566,276843,0.455704132388778,0.64293847606745,0.508676498212875,0.0356193693983475
"BFA","Burkina Faso",1988,1660377,2384585,1614545,2724412,303522,8687441,4044962,5659507,4338957,303522,0.465610298821022,0.651458467458944,0.499451679729393,0.0349380214495845
"BFA","Burkina Faso",1992,1813912,2736433,1802027,2954564,322344,9629280,4550345,6352372,4756591,322344,0.472552984231427,0.65969335194324,0.493971615738664,0.0334754000299088
"BFA","Burkina Faso",1996,1974437,3057237,2072945,3215681,335643,10655943,5031674,7104619,5288626,335643,0.472194154942458,0.666728322401875,0.496307647291282,0.0314981977662606
"BFA","Burkina Faso",2000,2187356,3364095,2427495,3595548,351053,11925547,5551451,7978946,6023043,351053,0.465509129266775,0.669063314244621,0.505053814303025,0.0294370564301998
"BFA","Burkina Faso",2004,2447501,3711963,2798925,4164991,377144,13500524,6159464,8958389,6963916,377144,0.456238883764808,0.663558614465631,0.51582560795418,0.0279355082810119
"BFA","Burkina Faso",2008,2783740,4148699,3095769,4816821,413072,15258101,6932439,10028208,7912590,413072,0.454344810012727,0.657238276244206,0.518582882627399,0.0270723073598739
"BFA","Burkina Faso",2012,3125547,4710474,3378193,5495060,463010,17172284,7836021,11214214,8873253,463010,0.456317924860781,0.653041494072658,0.516719441630479,0.02696263350874
"BFA","Burkina Faso",2016,3388120,5376251,3769024,6303874,497585,19334854,8764371,12533395,10072898,497585,0.453293880574428,0.648228065233904,0.520970988454322,0.0257351309712502
"BFA","Burkina Faso",2020,3416616,6044045,4269100,7197176,551754,21478691,9460661,13729761,11466276,551754,0.440467298495984,0.639227083251954,0.533844264531763,0.0256884369722531
"BGD","Bangladesh",1952,6976271,10646760,8138714,15611992,1519269,42893006,17623031,25761745,23750706,1519269,0.410860246073684,0.60060479323832,0.553719783593624,0.0354199703326925
"BGD","Bangladesh",1956,8013175,11376174,8876719,17143182,1445168,46854418,19389349,28266068,26019901,1445168,0.413821147026093,0.603274337971715,0.555335059332078,0.030843793641829
"BGD","Bangladesh",1960,9229319,12587230,9673407,18827027,1511678,51828661,21816549,31489956,28500434,1511678,0.420935995240163,0.60757803486376,0.549897169830415,0.0291668349294225
"BGD","Bangladesh",1964,10623877,14499246,10499639,20875756,1679840,58178358,25123123,35622762,31375395,1679840,0.431829358264116,0.61230263666087,0.539296674546917,0.0288739671889674
"BGD","Bangladesh",1968,11859965,17002488,11478080,23125731,1942003,65408267,28862453,40340533,34603811,1942003,0.441266132307098,0.616749760393438,0.529043385295623,0.0296904823972786
"BGD","Bangladesh",1972,12766267,19267060,12694638,24793802,2119717,71641484,32033327,44727965,37488440,2119717,0.447133772382493,0.624330520568223,0.523278384350609,0.0295878432668983
"BGD","Bangladesh",1976,14570466,21272460,14706559,26770068,2535765,79855318,35842926,50549485,41476627,2535765,0.448848328423162,0.633013383028542,0.519397180285476,0.0317544912913627
"BGD","Bangladesh",1980,15854370,23601522,16291315,29269814,2999413,88016434,39455892,55747207,45561129,2999413,0.448278693044983,0.633372706283465,0.517643432361734,0.0340778745932833
"BGD","Bangladesh",1984,16993682,26645822,17987790,32772597,3415070,97814961,43639504,61627294,50760387,3415070,0.446143448342222,0.630039549880309,0.518942976422594,0.0349135752351831
"BGD","Bangladesh",1988,17394239,29284135,19880592,36889533,3767507,107216006,46678374,66558966,56770125,3767507,0.435367588678877,0.620793186420319,0.529493003124925,0.0351394081961979
"BGD","Bangladesh",1992,17149092,31308613,22273903,41203725,4016857,115952190,48457705,70731608,63477628,4016857,0.417911080420301,0.610006658778933,0.547446563967442,0.0346423556122571
"BGD","Bangladesh",1996,16832042,32581488,25457760,45729586,4261302,124862178,49413530,74871290,71187346,4261302,0.395744578474356,0.59963145925582,0.570127376762561,0.0341280447630827
"BGD","Bangladesh",2000,17740479,32475060,28311653,51359989,4657116,134544297,50215539,78527192,79671642,4657116,0.373226811687158,0.583653070036852,0.592159190515522,0.0346139977973202
"BGD","Bangladesh",2004,18348845,33177827,29693634,56458265,5224286,142902857,51526672,81220306,86151899,5224286,0.360571321537679,0.56836026728283,0.602870375082844,0.0365583033794769
"BGD","Bangladesh",2008,17529333,34477664,30165994,61347541,5953731,149474263,52006997,82172991,91513535,5953731,0.347932787599695,0.549746754730612,0.612236067690128,0.0398311447101766
"BGD","Bangladesh",2012,16091564,35122668,30620462,66274226,6961186,155070106,51214232,81834694,96894688,6961186,0.330265022195832,0.527727078486681,0.624844404246425,0.044890573557743
"BGD","Bangladesh",2016,15405506,33748349,31900151,71601160,8156715,160811881,49153855,81054006,103501311,8156715,0.305660593572685,0.504029960323641,0.64361731456894,0.0507220918583746
"BGD","Bangladesh",2020,15913686,32742546,32799530,75138549,9703232,166297543,48656232,81455762,107938079,9703232,0.292585393158815,0.489819395587823,0.649065987703739,0.0583486191374457
"BGR","Bulgaria",1952,738663,1226478,1329698,3572620,494028,7361487,1965141,3294839,4902318,494028,0.266948919423481,0.447577914625129,0.66594126974618,0.067109810830339
"BGR","Bulgaria",1956,687197,1330687,1229394,3797946,541559,7586783,2017884,3247278,5027340,541559,0.265973601722891,0.428017777759032,0.662644496356361,0.0713819019207482
"BGR","Bulgaria",1960,659473,1391433,1170170,4055975,585535,7862586,2050906,3221076,5226145,585535,0.260843696971963,0.409671321878069,0.664685257496707,0.0744710455313303
"BGR","Bulgaria",1964,650301,1358409,1253414,4218289,659296,8139709,2008710,3262124,5471703,659296,0.246779092471242,0.400766661314305,0.672223417323641,0.0809974902051167
"BGR","Bulgaria",1968,622397,1317165,1336851,4332377,761502,8370292,1939562,3276413,5669228,761502,0.231719753623888,0.391433536607803,0.67730349192119,0.0909767544549222
"BGR","Bulgaria",1972,664862,1257520,1365464,4420057,871657,8579560,1922382,3287846,5785521,871657,0.224065336683932,0.383218486728923,0.67433772827511,0.101596935040958
"BGR","Bulgaria",1976,683812,1265411,1293750,4543460,972679,8759112,1949223,3242973,5837210,972679,0.222536599600507,0.370239928431101,0.666415727987038,0.111047672412455
"BGR","Bulgaria",1980,677169,1284533,1252894,4595629,1049022,8859247,1961702,3214596,5848523,1049022,0.221429879988672,0.362852057291099,0.660160282245207,0.118409837766122
"BGR","Bulgaria",1984,615344,1337707,1234925,4768736,995620,8952332,1953051,3187976,6003661,995620,0.218161145051368,0.356105649343657,0.670625374483431,0.111213480465202
"BGR","Bulgaria",1988,591806,1304673,1222090,4759979,1106994,8985542,1896479,3118569,5982069,1106994,0.211058943355893,0.347065207641342,0.665743813784411,0.123197242859696
"BGR","Bulgaria",1992,497515,1154042,1229767,4472836,1204767,8558927,1651557,2881324,5702603,1204767,0.192963089882645,0.336645469694975,0.666275457192239,0.140761452925115
"BGR","Bulgaria",1996,394026,1052608,1197160,4371507,1275963,8291264,1446634,2643794,5568667,1275963,0.174476895199574,0.318865012620512,0.67163064642496,0.153892458375466
"BGR","Bulgaria",2000,329885,924151,1132852,4286884,1326624,8000396,1254036,2386888,5419736,1326624,0.156746741036319,0.298346231861523,0.677433467043381,0.1658197919203
"BGR","Bulgaria",2004,331122,752418,1052219,4278757,1334780,7749296,1083540,2135759,5330976,1334780,0.139824314363524,0.275606842221539,0.687930361674144,0.172245323962332
"BGR","Bulgaria",2008,350675,653391,957213,4238407,1335717,7535403,1004066,1961279,5195620,1335717,0.133246489935575,0.260275263313721,0.689494642821359,0.177258867243066
"BGR","Bulgaria",2012,351604,640512,814178,4124200,1386269,7316763,992116,1806294,4938378,1386269,0.135594934535942,0.246870644846635,0.674940270718076,0.189464794745983
"BGR","Bulgaria",2016,332227,667389,673794,3987482,1466304,7127196,999616,1673410,4661276,1466304,0.140253754772564,0.234792195977212,0.654012601870357,0.205733643357079
"BGR","Bulgaria",2020,317440,683207,617637,3811685,1503416,6933385,1000647,1618284,4429322,1503416,0.144323011054485,0.23340460684067,0.638839758646029,0.216837230299486
"BHR","Bahrain",1952,21094,31421,23248,45163,3540,124466,52515,75763,68411,3540,0.421922452718011,0.608704385133289,0.54963604518503,0.0284415020969582
"BHR","Bahrain",1956,24929,35187,25677,52241,3897,141931,60116,85793,77918,3897,0.423557926034482,0.604469777567973,0.548985070210173,0.0274570037553459
"BHR","Bahrain",1960,30583,40136,29689,60696,4386,165490,70719,100408,90385,4386,0.427330956553266,0.606731524563418,0.546165931476222,0.0265031119705118
"BHR","Bahrain",1964,37192,48268,33810,69493,5067,193830,85460,119270,103303,5067,0.440901821183511,0.615333023783728,0.532956714646855,0.0261414641696332
"BHR","Bahrain",1968,41156,59940,36756,75600,5895,219347,101096,137852,112356,5895,0.460895293758292,0.628465399572367,0.512229481141753,0.0268752250999558
"BHR","Bahrain",1972,37232,67727,48667,81911,6592,242129,104959,153626,130578,6592,0.433483804087904,0.634479967290164,0.539291039074212,0.0272251568378839
"BHR","Bahrain",1976,43391,71747,70296,105215,7222,297871,115138,185434,175511,7222,0.386536453699756,0.622531229961963,0.589218151481682,0.0242453948185624
"BHR","Bahrain",1980,48662,78115,79494,145037,7682,358990,126777,206271,224531,7682,0.353149112788657,0.574587035850581,0.625451962450208,0.0213989247611354
"BHR","Bahrain",1984,53070,86673,88857,177683,8881,415164,139743,228600,266540,8881,0.336597103795127,0.550625776801457,0.642011349731672,0.021391546473201
"BHR","Bahrain",1988,65046,94768,91607,218256,10254,479931,159814,251421,309863,10254,0.332993701177878,0.523869056176825,0.645640727521248,0.0213655713008745
"BHR","Bahrain",1992,68822,114676,87760,264810,11685,547753,183498,271258,352570,11685,0.33500136010209,0.495219560641384,0.643666031952358,0.0213326079455521
"BHR","Bahrain",1996,69945,122817,107089,294858,13884,608593,192762,299851,401947,13884,0.316733843471745,0.492695446710692,0.660452880660803,0.0228132758674516
"BHR","Bahrain",2000,70237,128976,113564,341740,15072,669589,199213,312777,455304,15072,0.297515341500532,0.467117888734731,0.679975328149059,0.022509330350409
"BHR","Bahrain",2004,73638,143053,178993,457031,18731,871446,216691,395684,636024,18731,0.248656830142086,0.454054525466868,0.729849009577185,0.0214941602807288
"BHR","Bahrain",2008,86946,151365,201602,657198,23601,1120712,238311,439913,858800,23601,0.212642498697257,0.392529927403294,0.766298567339334,0.021058933963409
"BHR","Bahrain",2012,89920,151794,176049,770530,27996,1216289,241714,417763,946579,27996,0.198730729292134,0.343473467243394,0.778251714847376,0.0230175558604904
"BHR","Bahrain",2016,104580,182603,185891,920253,36249,1429576,287183,473074,1106144,36249,0.20088683637666,0.330919097690504,0.773756694292573,0.0253564693307666
"BHR","Bahrain",2020,101062,193989,201242,938153,48607,1483053,295051,496293,1139395,48607,0.198948385526343,0.334642794289887,0.768276656329882,0.032774958143775
"BHS","Bahamas",1952,13743,21353,14955,32346,3778,86175,35096,50051,47301,3778,0.407264287786481,0.58080649840441,0.548894691035683,0.0438410211778358
"BHS","Bahamas",1956,15676,24698,17234,35959,3953,97520,40374,57608,53193,3953,0.414007383100902,0.590730106644791,0.545457342083675,0.0405352748154225
"BHS","Bahamas",1960,18801,29010,21480,42703,4334,116328,47811,69291,64183,4334,0.411001650505467,0.595651949659583,0.551741627123307,0.0372567223712262
"BHS","Bahamas",1964,22991,34635,26520,52449,4943,141538,57626,84146,78969,4943,0.407141545026777,0.594511721233874,0.557934971527081,0.0349234834461417
"BHS","Bahamas",1968,27314,41446,30869,64569,5903,170101,68760,99629,95438,5903,0.404230427804657,0.585704963521672,0.561066660395882,0.0347029117994603
"BHS","Bahamas",1972,28728,49397,33851,77207,6876,196059,78125,111976,111058,6876,0.398476989069617,0.57113419939916,0.566451935386797,0.0350710755435864
"BHS","Bahamas",1976,27310,55144,38219,85694,8148,214515,82454,120673,123913,8148,0.38437405309652,0.562538750203948,0.577642589096334,0.0379833578071464
"BHS","Bahamas",1980,25793,56234,45894,94714,9902,232537,82027,127921,140608,9902,0.352748164808181,0.550110305026727,0.604669364445228,0.0425824707465909
"BHS","Bahamas",1984,25572,54014,52887,104597,11804,248874,79586,132473,157484,11804,0.319784308525599,0.532289431599926,0.632786068452309,0.0474296230220915
"BHS","Bahamas",1988,26926,51805,56460,117685,13574,266450,78731,135191,174145,13574,0.295481328579471,0.50737849502721,0.653574779508351,0.0509438919121786
"BHS","Bahamas",1992,29883,51878,55548,132956,15661,285926,81761,137309,188504,15661,0.285951609857096,0.480225652791282,0.659275476871638,0.054772913271266
"BHS","Bahamas",1996,32133,55012,53080,147672,18367,306264,87145,140225,200752,18367,0.284542094402215,0.457856620432046,0.655486769584411,0.0599711360133741
"BHS","Bahamas",2000,29838,60235,51939,160149,21660,323821,90073,142012,212088,21660,0.278156759444261,0.438550927827411,0.654954434703123,0.0668888058526161
"BHS","Bahamas",2004,27257,62245,53840,170546,25868,339756,89502,143342,224386,25868,0.263430226397768,0.421896890709804,0.660432781172371,0.0761369924298614
"BHS","Bahamas",2008,27711,59296,59385,180847,30848,358087,87007,146392,240232,30848,0.242977265301449,0.408816851770659,0.670876072016018,0.0861466626825325
"BHS","Bahamas",2012,27596,56428,63736,191524,36128,375412,84024,147760,255260,36128,0.223818098515764,0.393594237797407,0.679946298999499,0.0962356024847368
"BHS","Bahamas",2016,25475,55733,63019,203607,40143,387977,81208,144227,266626,40143,0.20931137670532,0.371741108364671,0.687221149707328,0.103467473587352
"BHS","Bahamas",2020,22477,54665,58652,216621,43364,395779,77142,135794,275273,43364,0.194911806841697,0.343105622076967,0.695521995861327,0.109566197296976
"BIH","Bosnia and Herzegovina",1952,381672,617286,654217,1012221,109268,2774664,998958,1653175,1666438,109268,0.360028457499719,0.595810880164229,0.600590918395885,0.0393806241043961
"BIH","Bosnia and Herzegovina",1956,462545,639792,656418,1150904,105884,3015543,1102337,1758755,1807322,105884,0.365551743085739,0.583229952283884,0.599335509392504,0.0351127475217564
"BIH","Bosnia and Herzegovina",1960,482722,769624,624077,1291200,113742,3281365,1252346,1876423,1915277,113742,0.381653976317782,0.571842205911259,0.583683009966889,0.0346630137153288
"BIH","Bosnia and Herzegovina",1964,486898,862202,594647,1442922,126739,3513408,1349100,1943747,2037569,126739,0.383986146783977,0.553236914130098,0.579940900686741,0.0360729525292821
"BIH","Bosnia and Herzegovina",1968,449106,907834,652020,1530784,159053,3698797,1356940,2008960,2182804,159053,0.366859819557548,0.543138755654879,0.590138901918651,0.0430012785238011
"BIH","Bosnia and Herzegovina",1972,403126,893297,771972,1588583,191291,3848269,1296423,2068395,2360555,191291,0.336884713620591,0.537487114336342,0.613406962974782,0.0497083234046269
"BIH","Bosnia and Herzegovina",1976,384668,846676,830764,1716581,225859,4004548,1231344,2062108,2547345,225859,0.30748638797687,0.514941511501423,0.636112989530903,0.0564006224922263
"BIH","Bosnia and Herzegovina",1980,374523,789819,853655,1877362,253050,4148409,1164342,2017997,2731017,253050,0.280671939531517,0.486450829703629,0.658328771343423,0.0609992891250598
"BIH","Bosnia and Herzegovina",1984,374284,751904,844319,2077258,247741,4295506,1126188,1970507,2921577,247741,0.262178192743765,0.458736875236584,0.680147344690009,0.0576744625662262
"BIH","Bosnia and Herzegovina",1988,369430,740506,786027,2247067,271335,4414365,1109936,1895963,3033094,271335,0.251437296190958,0.429498466936921,0.687096332088534,0.0614663717205079
"BIH","Bosnia and Herzegovina",1992,323884,722987,658744,2215816,313152,4234583,1046871,1705615,2874560,313152,0.247219383821264,0.402782281041604,0.67882953291977,0.0739510832589655
"BIH","Bosnia and Herzegovina",1996,237296,672636,621039,1976118,368091,3875180,909932,1530971,2597157,368091,0.234810253975299,0.39507093864027,0.670202932508941,0.0949868135157593
"BIH","Bosnia and Herzegovina",2000,235705,590654,741889,2134757,456646,4159651,826359,1568248,2876646,456646,0.198660656867607,0.377014321634195,0.691559460156633,0.109779882975759
"BIH","Bosnia and Herzegovina",2004,206475,509682,699985,2187594,537121,4140857,716157,1416142,2887579,537121,0.172948981334057,0.341992490926395,0.697338497803715,0.129712520862227
"BIH","Bosnia and Herzegovina",2008,187263,437064,580462,2168453,574131,3947373,624327,1204789,2748915,574131,0.158162656531318,0.305212859286417,0.696390992186449,0.145446351282233
"BIH","Bosnia and Herzegovina",2012,165942,389133,447404,2085135,582199,3669813,555075,1002479,2532539,582199,0.151254300968469,0.273168959835283,0.690100285763879,0.158645413267652
"BIH","Bosnia and Herzegovina",2016,146569,343659,390407,1975146,616855,3472636,490228,880635,2365553,616855,0.141168841191533,0.253592659869909,0.68119808698637,0.177633071822097
"BIH","Bosnia and Herzegovina",2020,139445,308055,359698,1824276,667384,3298858,447500,807198,2183974,667384,0.135653004767104,0.244690132160887,0.662039408789345,0.202307586443551
"BLM","Saint Barthelemy",1952,221,385,349,998,143,2096,606,955,1347,143,0.28912213740458,0.455629770992366,0.642652671755725,0.0682251908396947
"BLM","Saint Barthelemy",1956,221,418,357,990,157,2143,639,996,1347,157,0.298180121325245,0.464769015398973,0.628558096126925,0.0732617825478301
"BLM","Saint Barthelemy",1960,254,412,402,976,168,2212,666,1068,1378,168,0.301084990958409,0.482820976491863,0.622965641952984,0.0759493670886076
"BLM","Saint Barthelemy",1964,303,414,442,1004,161,2324,717,1159,1446,161,0.308519793459552,0.498709122203098,0.622203098106713,0.0692771084337349
"BLM","Saint Barthelemy",1968,279,524,382,1059,170,2414,803,1185,1441,170,0.332642916321458,0.490886495443248,0.596934548467274,0.0704225352112676
"BLM","Saint Barthelemy",1972,239,579,363,1125,165,2471,818,1181,1488,165,0.331040064751113,0.477944152165115,0.602185350060704,0.0667745851881829
"BLM","Saint Barthelemy",1976,204,540,500,1260,149,2653,744,1244,1760,149,0.280437240859404,0.468903128533735,0.663399924613645,0.0561628345269506
"BLM","Saint Barthelemy",1980,191,467,648,1514,171,2991,658,1306,2162,171,0.219993313273153,0.436643263122701,0.722835172183216,0.0571715145436309
"BLM","Saint Barthelemy",1984,281,420,810,2118,164,3793,701,1511,2928,164,0.18481413129449,0.398365409965726,0.771948325863433,0.0432375428420775
"BLM","Saint Barthelemy",1988,404,481,799,2972,187,4843,885,1684,3771,187,0.1827379723312,0.347718356390667,0.77864959735701,0.0386124303117902
"BLM","Saint Barthelemy",1992,455,619,762,3527,285,5648,1074,1836,4289,285,0.190155807365439,0.325070821529745,0.759383852691218,0.0504603399433428
"BLM","Saint Barthelemy",1996,449,763,709,4005,457,6383,1212,1921,4714,457,0.189879367068776,0.300955663481122,0.738524204919317,0.0715964280119066
"BLM","Saint Barthelemy",2000,437,903,647,4489,627,7103,1340,1987,5136,627,0.188652681965367,0.279740954526257,0.723074757144868,0.0882725608897649
"BLM","Saint Barthelemy",2004,456,855,1008,4837,713,7869,1311,2319,5845,713,0.166603126191384,0.294700724361418,0.742788156055407,0.0906087177532088
"BLM","Saint Barthelemy",2008,443,927,1033,5412,812,8627,1370,2403,6445,812,0.158803755650864,0.278544105714617,0.747073142459719,0.0941231018894169
"BLM","Saint Barthelemy",2012,486,970,1010,5869,891,9226,1456,2466,6879,891,0.157814871016692,0.267288098851073,0.745610231953176,0.0965748970301322
"BLM","Saint Barthelemy",2016,505,991,1033,6286,958,9773,1496,2529,7319,958,0.153074797912616,0.258774173743989,0.748900030696818,0.0980251713905658
"BLM","Saint Barthelemy",2020,642,1446,1289,5604,1582,10563,2088,3377,6893,1582,0.197671116160182,0.319700842563666,0.652560825523052,0.149768058316766
"BLR","Belarus",1952,799094,1335841,1482184,3130112,517046,7264277,2134935,3617119,4612296,517046,0.293895042823945,0.497932416398769,0.634928431280911,0.0711765258951441
"BLR","Belarus",1956,867470,1344860,1478694,3454895,536614,7682533,2212330,3691024,4933589,536614,0.287968824865445,0.480443624518111,0.642182597848913,0.0698485772856426
"BLR","Belarus",1960,953434,1578428,1343365,3738190,594143,8207560,2531862,3875227,5081555,594143,0.308479255710589,0.472153356174064,0.619131020668749,0.0723897236206619
"BLR","Belarus",1964,911027,1739556,1214645,4085220,652178,8602626,2650583,3865228,5299865,652178,0.308113243560745,0.449307920627957,0.616075254230511,0.0758115022087442
"BLR","Belarus",1968,777810,1857387,1276089,4232131,747789,8891206,2635197,3911286,5508220,747789,0.296382403017094,0.439905002763405,0.619513258381371,0.084104338601535
"BLR","Belarus",1972,720061,1763337,1556655,4254633,849842,9144528,2483398,4040053,5811288,849842,0.271572026462164,0.441800057914416,0.635493488564965,0.0929344849728712
"BLR","Belarus",1976,725519,1567789,1676799,4456481,953396,9379984,2293308,3970107,6133280,953396,0.244489542839305,0.423253067382631,0.653868919179393,0.101641537981301
"BLR","Belarus",1980,742300,1460299,1707493,4682485,1010470,9603047,2202599,3910092,6389978,1010470,0.229364596466101,0.407172015298894,0.665411509492768,0.105223894041131
"BLR","Belarus",1984,796870,1457849,1599207,5048463,979112,9881501,2254719,3853926,6647670,979112,0.228175759937686,0.390014229619569,0.672738888555494,0.0990853515068207
"BLR","Belarus",1988,826851,1505612,1432562,5319372,1022992,10107389,2332463,3765025,6751934,1022992,0.23076810440362,0.372502235740605,0.668019604271687,0.101212291324693
"BLR","Belarus",1992,737854,1593329,1400476,5332475,1153138,10217272,2331183,3731659,6732951,1153138,0.228161000313978,0.365230464648489,0.658977366952744,0.112861632733278
"BLR","Belarus",1996,560742,1603882,1465055,5233875,1300076,10163630,2164624,3629679,6698930,1300076,0.212977449985881,0.357124275480316,0.659108015541691,0.127914534472428
"BLR","Belarus",2000,460832,1399617,1523254,5256902,1350171,9990776,1860449,3383703,6780156,1350171,0.186216666252952,0.338682700923332,0.678641578992463,0.135141754754586
"BLR","Belarus",2004,447570,1112742,1563876,5195565,1414739,9734492,1560312,3124188,6759441,1414739,0.160286946663473,0.320940014127085,0.694380456627834,0.145332596708693
"BLR","Belarus",2008,469723,940445,1472236,5263003,1383420,9528827,1410168,2882404,6735239,1383420,0.147989673860172,0.302493056070805,0.7068277134216,0.145182612718229
"BLR","Belarus",2012,541406,903540,1250470,5467453,1299693,9462562,1444946,2695416,6717923,1299693,0.15270135086037,0.284850551045267,0.709947580792601,0.137351068347029
"BLR","Belarus",2016,589809,974490,1028787,5524786,1380770,9498642,1564299,2593086,6553573,1380770,0.164686594146826,0.27299544503309,0.689948415784067,0.145364990069107
"BLR","Belarus",2020,503298,1090739,896206,5389441,1470987,9350671,1594037,2490243,6285647,1470987,0.170473006696525,0.266317037568748,0.67221347002798,0.157313523275495
"BLZ","Belize",1952,13539,16257,13394,27459,2715,73364,29796,43190,40853,2715,0.406139250858732,0.588708358322883,0.556853497628265,0.0370072515130037
"BLZ","Belize",1956,15737,19626,13839,29620,3267,82089,35363,49202,43459,3267,0.430788534395595,0.599373850333175,0.529413197870604,0.0397982677338011
"BLZ","Belize",1960,17012,24003,14806,31700,3809,91330,41015,55821,46506,3809,0.449085733055951,0.611201138727691,0.509208365268805,0.0417059016752436
"BLZ","Belize",1964,19558,28395,16042,33317,4307,101619,47953,63995,49359,4307,0.471890099292455,0.629754278235369,0.485726094529566,0.0423838061779785
"BLZ","Belize",1968,22068,34356,18940,34522,4845,114731,56424,75364,53462,4845,0.491793848218877,0.656875648255485,0.46597693735782,0.0422292144233032
"BLZ","Belize",1972,21138,38945,23415,35861,5329,124688,60083,83498,59276,5329,0.481866739381496,0.669655460028231,0.47539458488387,0.0427386757346336
"BLZ","Belize",1976,22825,38709,27448,38231,5904,133117,61534,88982,65679,5904,0.4622550087517,0.668449559410143,0.493393030191486,0.0443519610568147
"BLZ","Belize",1980,26259,38435,31519,42459,6400,145072,64694,96213,73978,6400,0.445944082938127,0.66320861365391,0.509939891915738,0.0441160251461343
"BLZ","Belize",1984,28273,43026,33547,48380,6834,160060,71299,104846,81927,6834,0.445451705610396,0.655041859302761,0.51185180557291,0.0426964888166937
"BLZ","Belize",1988,29423,48793,34808,54918,7253,175195,78216,113024,89726,7253,0.446451097348669,0.645132566568681,0.512149319329889,0.0413995833214418
"BLZ","Belize",1992,31033,52641,38422,61226,7672,190994,83674,122096,99648,7672,0.43809753185964,0.639266154957747,0.521733667026189,0.0401688011141711
"BLZ","Belize",1996,31476,57096,44270,69612,7866,210320,88572,132842,113882,7866,0.421129707112971,0.631618486116394,0.541470140737923,0.0374001521491061
"BLZ","Belize",2000,33925,62159,48864,86309,9551,240808,96084,144948,135173,9551,0.399006677519019,0.601923524135411,0.561331018903027,0.0396623035779542
"BLZ","Belize",2004,36801,67318,54815,101976,10784,271694,104119,158934,156791,10784,0.383221565437588,0.584974272527181,0.577086722562883,0.0396917119995289
"BLZ","Belize",2008,37887,73707,61528,119128,12120,304370,111594,173122,180656,12120,0.366639287709038,0.568787988303709,0.593540756316326,0.0398199559746361
"BLZ","Belize",2012,36553,77094,68620,138848,13303,334418,113647,182267,207468,13303,0.339835176336202,0.545027480578198,0.620385266343319,0.0397795573204792
"BLZ","Belize",2016,37478,75954,75047,161165,15070,364714,113432,188479,236212,15070,0.31101630318551,0.516785755413831,0.64766364877685,0.0413200480376405
"BLZ","Belize",2020,38296,74627,77474,182888,17531,390816,112923,190397,260362,17531,0.288941599115696,0.487178109391632,0.666200974371571,0.0448574265127323
"BMU","Bermuda",1952,5016,7760,6408,17033,2141,38358,12776,19184,23441,2141,0.333072631524063,0.500130350904635,0.611111111111111,0.0558162573648261
"BMU","Bermuda",1956,5027,8670,6567,17876,2220,40360,13697,20264,24443,2220,0.339370664023786,0.502081268582755,0.605624380574827,0.0550049554013875
"BMU","Bermuda",1960,5223,8927,6613,19125,2343,42231,14150,20763,25738,2343,0.335061921337406,0.491653051076224,0.609457507518174,0.05548057114442
"BMU","Bermuda",1964,5280,9789,7597,21202,2562,46430,15069,22666,28799,2562,0.324553090674133,0.48817574843851,0.620267068705578,0.0551798406202886
"BMU","Bermuda",1968,4973,10355,8905,23253,2939,50425,15328,24233,32158,2939,0.303976202280615,0.48057511155181,0.637739216658404,0.0582845810609817
"BMU","Bermuda",1972,4521,10578,8927,25368,3431,52825,15099,24026,34295,3431,0.285830572645528,0.454822527212494,0.649219119734974,0.0649503076194983
"BMU","Bermuda",1976,4029,9753,9448,26076,3926,53232,13782,23230,35524,3926,0.25890441839495,0.436391644123835,0.667342951608055,0.0737526299969943
"BMU","Bermuda",1980,3742,8467,9535,27576,4373,53693,12209,21744,37111,4373,0.227385320246587,0.404968990371184,0.691170171158252,0.0814445085951614
"BMU","Bermuda",1984,3860,7976,9007,29556,4790,55189,11836,20843,38563,4790,0.214463027052492,0.377665839207088,0.698744314990306,0.0867926579572016
"BMU","Bermuda",1988,3994,7432,8898,31219,5171,56714,11426,20324,40117,5171,0.20146700990937,0.358359487957118,0.707356208343619,0.0911767817470113
"BMU","Bermuda",1992,4136,7453,7801,33617,5422,58429,11589,19390,41418,5422,0.198343288435537,0.331855756559243,0.708860326207876,0.0927963853565866
"BMU","Bermuda",1996,4054,7925,7126,34571,6160,59836,11979,19105,41697,6160,0.200197205695568,0.319289391002072,0.696854736279163,0.102948058025269
"BMU","Bermuda",2000,3954,7848,6841,36245,6679,61567,11802,18643,43086,6679,0.19169360209203,0.302808322640376,0.699822957103643,0.108483440804327
"BMU","Bermuda",2004,3882,7918,7141,36146,7485,62572,11800,18941,43287,7485,0.188582752668925,0.302707281212044,0.691795052099981,0.119622195231094
"BMU","Bermuda",2008,3541,7452,7346,36753,8223,63315,10993,18339,44099,8223,0.173623943773198,0.289647003079839,0.696501618889679,0.129874437337124
"BMU","Bermuda",2012,3496,6967,6853,37130,9215,63661,10463,17316,43983,9215,0.164354942586513,0.272003267306514,0.690893953912128,0.144751103501359
"BMU","Bermuda",2016,3014,6546,6275,37063,10563,63461,9560,15835,43338,10563,0.150643702431415,0.249523329288855,0.68290761254944,0.166448685019146
"BMU","Bermuda",2020,2845,6488,6623,36322,12116,64394,9333,15956,42945,12116,0.144935863589775,0.247787060906296,0.666909960555331,0.188154175854893
"BOL","Bolivia",1952,504253,765402,577909,1150760,189070,3187394,1269655,1847564,1728669,189070,0.398336383892296,0.579647197679358,0.54234556506036,0.0593180510473446
"BOL","Bolivia",1956,545479,837924,618217,1230080,189554,3421254,1383403,2001620,1848297,189554,0.404355537472517,0.585054485869801,0.540239631433387,0.0554048310940959
"BOL","Bolivia",1960,600254,901120,687537,1324260,189087,3702258,1501374,2188911,2011797,189087,0.405529274296929,0.591236753354304,0.543397299701966,0.0510734260011053
"BOL","Bolivia",1964,659926,975374,768118,1431730,187802,4022950,1635300,2403418,2199848,187802,0.406492747859158,0.597426763941883,0.546824593892542,0.0466826582483004
"BOL","Bolivia",1968,721902,1080506,833351,1562408,190723,4388890,1802408,2635759,2395759,190723,0.41067513653794,0.600552531505688,0.545869001045822,0.0434558624162374
"BOL","Bolivia",1972,785586,1197236,894027,1724766,199318,4800933,1982822,2876849,2618793,199318,0.413007638306971,0.599227066905537,0.545475848132019,0.0415165135610099
"BOL","Bolivia",1976,848013,1321610,986121,1886658,214042,5256444,2169623,3155744,2872779,214042,0.412754896656371,0.600357199658172,0.546525179379824,0.0407199239638052
"BOL","Bolivia",1980,920455,1448557,1093490,2062494,233850,5758846,2369012,3462502,3155984,233850,0.411369222236538,0.601249278067168,0.548023683911673,0.0406070938517891
"BOL","Bolivia",1984,983304,1583261,1206494,2256658,252086,6281803,2566565,3773059,3463152,252086,0.408571392639979,0.600633130328984,0.551299045831269,0.0401295615287522
"BOL","Bolivia",1988,1047890,1720283,1323696,2468574,274991,6835434,2768173,4091869,3792270,274991,0.40497399287302,0.598626071146324,0.554795789118877,0.0402302180081031
"BOL","Bolivia",1992,1118565,1857200,1447528,2698006,308961,7430260,2975765,4423293,4145534,308961,0.400492714925184,0.595307970380579,0.557925833012573,0.0415814520622428
"BOL","Bolivia",1996,1150844,1985392,1555653,2948698,381016,8021603,3136236,4691889,4504351,381016,0.390973724329165,0.584906657684256,0.561527540068986,0.0474987356018492
"BOL","Bolivia",2000,1169122,2104238,1660558,3220152,452007,8606077,3273360,4933918,4880710,452007,0.380354486719094,0.573306281131345,0.567123673190468,0.0525218400904384
"BOL","Bolivia",2004,1178576,2202129,1797097,3531674,494505,9203981,3380705,5177802,5328771,494505,0.367308993793012,0.562561135230505,0.57896371146355,0.0537272947434376
"BOL","Bolivia",2008,1206353,2259415,1965757,3887831,531211,9850567,3465768,5431525,5853588,531211,0.351834366488751,0.551392117834435,0.594238686971014,0.0539269465402347
"BOL","Bolivia",2012,1233140,2310687,2102933,4287417,581374,10515551,3543827,5646760,6390350,581374,0.337008208129084,0.536991356896087,0.607704722272756,0.0552870695981599
"BOL","Bolivia",2016,1243273,2365329,2186980,4758234,625951,11179767,3608602,5795582,6945214,625951,0.322779714460954,0.518399175939892,0.621230657132658,0.0559896284063881
"BOL","Bolivia",2020,1245633,2419810,2238407,5244403,667785,11816038,3665443,5903850,7482810,667785,0.310209141168977,0.499647174458985,0.633275722369884,0.0565151364611387
"BRA","Brazil",1952,10004572,14272090,11179385,19888353,1350257,56694657,24276662,35456047,31067738,1350257,0.428200174136339,0.625386039464001,0.547983525149469,0.0238163007141925
"BRA","Brazil",1956,11435221,16403007,12036420,22594159,1565030,64033837,27838228,39874648,34630579,1565030,0.434742462801347,0.622712145142888,0.540816865308259,0.0244406718903944
"BRA","Brazil",1960,12832213,19153194,13160945,25411795,1829848,72387995,31985407,45146352,38572740,1829848,0.441860656590917,0.623671811879857,0.532861008237623,0.0252783351714604
"BRA","Brazil",1964,14057362,22116846,14816384,28320726,2177190,81488508,36174208,50990592,43137110,2177190,0.443917908031891,0.625739668715005,0.529364336870667,0.0267177550974427
"BRA","Brazil",1968,14582856,24820367,17263457,31483962,2590524,90741166,39403223,56666680,48747419,2590524,0.43423756534052,0.624487016179625,0.537213936616155,0.0285484980433247
"BRA","Brazil",1972,14893916,26973876,20173556,35034167,3071173,100146688,41867792,62041348,55207723,3071173,0.4180646692979,0.61950474088569,0.551268585137833,0.0306667455642667
"BRA","Brazil",1976,15872708,28213808,22966038,39518573,3642020,110213147,44086516,67052554,62484611,3642020,0.400011406987589,0.608389795819912,0.566943352048554,0.0330452409638571
"BRA","Brazil",1980,17196256,29374238,25498504,44874747,4263346,121207091,46570494,72068998,70373251,4263346,0.384222520446432,0.594593908701266,0.580603415356285,0.0351740641972836
"BRA","Brazil",1984,18301095,31368320,27094806,50993720,4900378,132658319,49669415,76764221,78088526,4900378,0.374416134430288,0.57866119199053,0.588644018623514,0.0369398469461987
"BRA","Brazil",1988,18329877,33867535,28211866,57741240,5675057,143825575,52197412,80409278,85953106,5675057,0.362921629202595,0.559074962849966,0.597620457974877,0.0394579128225283
"BRA","Brazil",1992,17593104,35647493,29732254,64649002,6652236,154274089,53240597,82972851,94381256,6652236,0.345103946781368,0.537827522028019,0.611776459752746,0.0431195934658865
"BRA","Brazil",1996,17173389,35748195,32156253,71344797,7778687,164201321,52921584,85077837,103501050,7778687,0.32229694424931,0.518131257908699,0.630330190827149,0.047372864923541
"BRA","Brazil",2000,17191981,34810264,34476023,78572752,8965633,174016653,52002245,86478268,113048775,8965633,0.298834876452888,0.496953978306892,0.649643428091908,0.0515216954552045
"BRA","Brazil",2004,16243946,34227003,35467892,86452036,10282084,182672961,50470949,85938841,121919928,10282084,0.276291295239912,0.470451896819037,0.667421863271817,0.0562868414882704
"BRA","Brazil",2008,15297112,33562485,34812983,94750635,11941076,190364291,48859597,83672580,129563618,11941076,0.256663667031965,0.439539262119281,0.68060883330267,0.0627274996653653
"BRA","Brazil",2012,14617412,32139586,33835903,102275937,14002887,196871725,46756998,80592901,136111840,14002887,0.237499813647694,0.409367576781277,0.691373227922903,0.0711269584294037
"BRA","Brazil",2016,14453440,30286600,33389569,108285259,16796713,203211581,44740040,78129609,141674828,16796713,0.220164814327191,0.384474194903291,0.697178907337963,0.0826562783348455
"BRA","Brazil",2020,14072487,29238608,32408868,112912226,20020158,208652347,43311095,75719963,145321094,20020158,0.207575402926093,0.362900125920942,0.696474763353608,0.0959498337202984
"BRB","Barbados",1952,30491,49306,36987,88715,11018,216517,79797,116784,125702,11018,0.368548428068004,0.539375661033545,0.580564112748652,0.0508874591833436
"BRB","Barbados",1956,31327,52460,39084,90696,10952,224519,83787,122871,129780,10952,0.373184452095368,0.547263260570375,0.578035711899661,0.0487798360049706
"BRB","Barbados",1960,31898,54022,41260,93215,10506,230901,85920,127180,134475,10506,0.37210752660231,0.550798827203,0.582392453908818,0.0455000194888719
"BRB","Barbados",1964,33969,54964,44094,95601,11341,239969,88933,133027,139695,11341,0.370602036096329,0.554350770307831,0.582137692785318,0.0472602711183528
"BRB","Barbados",1968,33428,57695,46065,98282,13084,248554,91123,137188,144347,13084,0.366612486622625,0.551944446679595,0.580747040884476,0.0526404724928989
"BRB","Barbados",1972,29019,59232,46394,100577,14443,249665,88251,134645,146971,14443,0.353477660064486,0.539302665571866,0.588672821580918,0.0578495183545952
"BRB","Barbados",1976,25708,56847,48659,104429,15810,251453,82555,131214,153088,15810,0.328311851518972,0.521823163772156,0.608813575499199,0.0628745729818296
"BRB","Barbados",1980,20623,52340,51356,109351,17862,251532,72963,124319,160707,17862,0.290074423930156,0.494247252834629,0.638912742712657,0.0710128333571872
"BRB","Barbados",1984,20272,46477,51922,113781,22477,254929,66749,118671,165703,22477,0.261833687026584,0.4655060820856,0.649996665738304,0.0881696472351125
"BRB","Barbados",1988,20472,43380,48390,118980,26544,257766,63852,112242,167370,26544,0.247713042061405,0.435441446893694,0.649309839156444,0.102977118782151
"BRB","Barbados",1992,20260,41271,45217,125419,28103,260270,61531,106748,170636,28103,0.236412187343912,0.41014331271372,0.655611480385753,0.107976332270335
"BRB","Barbados",1996,19651,40251,41642,131823,28921,262288,59902,101544,173465,28921,0.228382541328616,0.38714695296773,0.661353169035564,0.11026428963582
"BRB","Barbados",2000,18472,38914,38696,136461,29524,262067,57386,96082,175157,29524,0.21897453704587,0.366631433946281,0.668367249596477,0.112658213357653
"BRB","Barbados",2004,19151,37742,38319,141860,30218,267290,56893,95212,180179,30218,0.212851210295933,0.356212353623405,0.674095551648023,0.113053238056044
"BRB","Barbados",2008,18268,37157,38407,147565,31313,272710,55425,93832,185972,31313,0.203237871731876,0.344072457922335,0.681940522899784,0.11482160536834
"BRB","Barbados",2012,17932,37106,37133,151152,33616,276939,55038,92171,188285,33616,0.198736905961241,0.332820585038583,0.679878962515211,0.121384131523549
"BRB","Barbados",2016,16448,36420,37130,152684,36912,279594,52868,89998,189814,36912,0.189088463987067,0.321888166412727,0.678891535583739,0.132020000429194
"BRB","Barbados",2020,16036,34843,36961,152249,41607,281696,50879,87840,189210,41607,0.180616693172782,0.311825514029308,0.671681529024196,0.147701777803022
"BRN","Brunei",1952,9130,11469,9673,21525,2455,54252,20599,30272,31198,2455,0.379691071296911,0.557988645579886,0.575057140750571,0.0452517879525179
"BRN","Brunei",1956,13968,14423,11819,26574,2784,69568,28391,40210,38393,2784,0.408104300827967,0.577995630174793,0.551877299908004,0.0400183992640294
"BRN","Brunei",1960,17913,21040,13817,32338,3251,88359,38953,52770,46155,3251,0.440849262667074,0.597222693783316,0.522357654568295,0.0367930827646307
"BRN","Brunei",1964,19696,29711,16610,36343,3576,105936,49407,66017,52953,3576,0.466385364748527,0.623178145295273,0.499858405074762,0.0337562301767105
"BRN","Brunei",1968,20835,35724,23051,42722,3905,126237,56559,79610,65773,3905,0.44803821383588,0.630639194530922,0.521027907824172,0.0309338783399479
"BRN","Brunei",1972,22547,38586,30370,46988,3706,142197,61133,91503,77358,3706,0.429917649458146,0.643494588493428,0.544019916031984,0.0260624345098701
"BRN","Brunei",1976,24638,41803,37939,54733,4508,163621,66441,104380,92672,4508,0.406066458461933,0.63793767303708,0.56638206587174,0.0275514756663265
"BRN","Brunei",1980,26887,44712,42979,66390,5153,186121,71599,114578,109369,5153,0.384690604499224,0.615610275036132,0.587623105399176,0.0276862901016006
"BRN","Brunei",1984,28601,48204,47060,82078,5730,211673,76805,123865,129138,5730,0.362847410864872,0.585171467310427,0.610082532963581,0.0270700561715476
"BRN","Brunei",1988,32463,51192,49449,101462,6362,240928,83655,133104,150911,6362,0.347219916323549,0.552463806614424,0.626373854429539,0.0264062292469119
"BRN","Brunei",1992,35228,57436,49702,120526,6955,269847,92664,142366,170228,6955,0.343394590267818,0.52758044373293,0.630831545283068,0.0257738644491138
"BRN","Brunei",1996,34627,63047,53295,139432,7880,298281,97674,150969,192727,7880,0.327456324740765,0.506130125619801,0.646125633211636,0.0264180420475994
"BRN","Brunei",2000,32673,66282,59776,158577,9119,326427,98955,158731,218353,9119,0.303145879476881,0.486267986410438,0.668918318643985,0.0279358018791338
"BRN","Brunei",2004,31594,65081,65936,179703,10604,352918,96675,162611,245639,10604,0.273930488102052,0.460761423333466,0.696022872168606,0.0300466397293422
"BRN","Brunei",2008,30664,65515,71118,197846,12654,377797,96179,167297,268964,12654,0.25457851703428,0.442822468150885,0.71192730487537,0.0334941780903501
"BRN","Brunei",2012,32376,68508,74455,215653,14568,405560,100884,175339,290108,14568,0.248752342440083,0.432338001775323,0.715326955321038,0.0359207022388796
"BRN","Brunei",2016,33391,65534,75830,233984,18828,427567,98925,174755,309814,18828,0.231367247706207,0.408719569096773,0.724597548454394,0.0440352038393983
"BRN","Brunei",2020,32307,64330,74345,251305,25121,447408,96637,170982,325650,25121,0.215993008618532,0.382161248793048,0.727859135285914,0.0561478560955548
"BTN","Bhutan",1952,31123,46572,34618,62565,4514,179392,77695,112313,97183,4514,0.433101810560114,0.626075856225473,0.541735417409918,0.0251627720299679
"BTN","Bhutan",1956,34324,51300,38678,70982,4961,200245,85624,124302,109660,4961,0.42759619466154,0.620749581762341,0.547629154286,0.0247746510524607
"BTN","Bhutan",1960,38467,56226,43125,80824,5456,224098,94693,137818,123949,5456,0.422551740756276,0.614989870503084,0.55310176797651,0.0243464912672135
"BTN","Bhutan",1964,43560,62078,48455,92823,6081,252997,105638,154093,141278,6081,0.417546453119997,0.609070463286126,0.558417688747297,0.0240358581327051
"BTN","Bhutan",1968,50188,70186,53860,107201,6881,288316,120374,174234,161061,6881,0.417507179622359,0.604316097615117,0.558626645763676,0.0238661746139652
"BTN","Bhutan",1972,58017,80640,59456,124239,7909,330261,138657,198113,183695,7909,0.419840671468929,0.599867983201165,0.556211602338756,0.0239477261923146
"BTN","Bhutan",1976,66654,93806,66639,142183,9213,378495,160460,227099,208822,9213,0.423942192102934,0.600005284085655,0.551716667327177,0.0243411405698886
"BTN","Bhutan",1980,76174,109378,75726,161281,10849,433408,185552,261278,237007,10849,0.428123154164206,0.602845355877141,0.54684500516834,0.0250318406674542
"BTN","Bhutan",1984,85447,126947,86794,180747,12858,492793,212394,299188,267541,12858,0.431000440347164,0.607127130458428,0.542907468247317,0.0260920914055192
"BTN","Bhutan",1988,93928,145820,100515,201376,15363,557002,239748,340263,301891,15363,0.430425743534135,0.610882905267845,0.541992667889882,0.0275815885759836
"BTN","Bhutan",1992,93184,153052,107631,206775,17138,577780,246236,353867,314406,17138,0.426176053169026,0.612459759770155,0.544162137837931,0.0296618089930423
"BTN","Bhutan",1996,80950,145492,107109,197381,17860,548792,226442,333551,304490,17860,0.412618988614994,0.607791294333737,0.554836805201242,0.0325442061837636
"BTN","Bhutan",2000,75167,155200,124496,219549,22459,596871,230367,354863,344045,22459,0.385957769769347,0.594538853454096,0.57641433408559,0.0376278961450632
"BTN","Bhutan",2004,68084,155167,147131,250600,29576,650558,223251,370382,397731,29576,0.3431684799818,0.569329713876395,0.611369009373492,0.0454625106447081
"BTN","Bhutan",2008,65898,145591,157405,283599,33859,686352,211489,368894,441004,33859,0.308134892882952,0.537470569037462,0.642533277385365,0.0493318297316829
"BTN","Bhutan",2012,63218,139766,159825,316384,38089,717282,202984,362809,476209,38089,0.282990511402768,0.505810824752329,0.66390764023076,0.0531018483664723
"BTN","Bhutan",2016,60987,136921,152998,353871,43093,747870,197908,350906,506869,43093,0.264628879350689,0.469207215157715,0.677750143741559,0.0576209769077514
"BTN","Bhutan",2020,50863,129112,145880,397813,46333,770001,179975,325855,543693,46333,0.233733462683815,0.423187762093815,0.706093888189756,0.0601726491264297
"BWA","Botswana",1952,74115,106371,84764,149471,18997,433718,180486,265250,234235,18997,0.416136752452054,0.611572496414721,0.540062898012072,0.0438003495358735
"BWA","Botswana",1956,88006,114820,91109,158915,20935,473785,202826,293935,250024,20935,0.428097132665661,0.620397437656321,0.527716158173011,0.0441867091613284
"BWA","Botswana",1960,99250,133283,91491,169928,22221,516173,232533,324024,261419,22221,0.45049431101588,0.627743024141131,0.506456168765123,0.0430495202189963
"BWA","Botswana",1964,107728,159751,92635,183786,22381,566281,267479,360114,276421,22381,0.472343235955294,0.635928099300524,0.488133982951927,0.039522781092779
"BWA","Botswana",1968,112065,171587,95742,180915,23664,583973,283652,379394,276657,23664,0.485727936051838,0.649677296724335,0.473749642534843,0.0405224214133188
"BWA","Botswana",1972,119068,186508,111342,180816,24680,622414,305576,416918,292158,24680,0.490952966996244,0.669840331355015,0.469394968622171,0.0396520643815853
"BWA","Botswana",1976,142267,216848,148873,224955,25568,758511,359115,507988,373828,25568,0.473447319814742,0.669717380499426,0.492844533566422,0.0337081466188361
"BWA","Botswana",1980,175718,256157,185146,292328,28140,937489,431875,617021,477474,28140,0.460672071885643,0.658163455784548,0.509311575922491,0.0300163521918657
"BWA","Botswana",1984,200209,300712,210373,340024,32343,1083661,500921,711294,550397,32343,0.462248802900538,0.656380547052999,0.507905147458476,0.0298460496409855
"BWA","Botswana",1988,210529,355290,239787,390852,39022,1235480,565819,805606,630639,39022,0.457975038041895,0.652059118723087,0.510440476575906,0.0315844853821996
"BWA","Botswana",1992,210957,399443,279084,445881,44664,1380029,610400,889484,724965,44664,0.442309545668968,0.644540078505597,0.525325917064062,0.0323645372669705
"BWA","Botswana",1996,213346,423092,330806,518865,49798,1535907,636438,967244,849671,49798,0.414372745224809,0.629754275486732,0.55320471877529,0.032422535999901
"BWA","Botswana",2000,211044,432784,382774,594715,56055,1677372,643828,1026602,977489,56055,0.38383137431649,0.612030008847173,0.582750278411706,0.0334183472718037
"BWA","Botswana",2004,224844,424484,421011,675125,61673,1807137,649328,1070339,1096136,61673,0.359313101331,0.592284370249738,0.606559436279596,0.0341274623894038
"BWA","Botswana",2008,245100,427351,432632,778415,66457,1949955,672451,1105083,1211047,66457,0.344854624850317,0.566722308976361,0.621064075837648,0.0340812993120354
"BWA","Botswana",2012,269003,451407,429626,886710,71850,2108596,720410,1150036,1316336,71850,0.34165387774614,0.545403671447731,0.624271316079514,0.0340748061743454
"BWA","Botswana",2016,270484,493484,458760,930711,81317,2234756,763968,1222728,1389471,81317,0.341857455579043,0.547141611880671,0.621755126734194,0.0363874176867631
"BWA","Botswana",2020,276685,501086,489997,1006081,92010,2365859,777771,1267768,1496078,92010,0.328747824785839,0.535859491203829,0.632361438276753,0.0388907369374084
"CAF","Central African Republic",1952,234865,322885,263823,590494,72760,1484827,557750,821573,854317,72760,0.375632986199739,0.553312271395927,0.575364672113317,0.049002341686944
"CAF","Central African Republic",1956,263015,357294,275813,616318,73410,1585850,620309,896122,892131,73410,0.391152378850459,0.56507361982533,0.562556988365861,0.0462906327836807
"CAF","Central African Republic",1960,280879,408187,291855,646995,74429,1702345,689066,980921,938850,74429,0.404774590344495,0.576217511726471,0.551503954838767,0.0437214548167381
"CAF","Central African Republic",1964,303496,462266,314138,681148,78533,1839581,765762,1079900,995286,78533,0.416269791871084,0.587035852185905,0.541039508453284,0.0426906996756327
"CAF","Central African Republic",1968,335616,503644,361437,721237,83167,2005101,839260,1200697,1082674,83167,0.418562456454812,0.598821206512789,0.539959832447343,0.0414777110978449
"CAF","Central African Republic",1972,371755,554278,408281,760983,88475,2183772,926033,1334314,1169264,88475,0.424052053053158,0.611013420814994,0.535433186248381,0.0405147606984612
"CAF","Central African Republic",1976,393649,613656,448189,798629,94443,2348566,1007305,1455494,1246818,94443,0.42890214709742,0.619737320560717,0.53088480374833,0.0402130491542499
"CAF","Central African Republic",1980,414956,633633,479171,826219,96554,2450533,1048589,1527760,1305390,96554,0.427902419596063,0.623439880221976,0.532696356262087,0.03940122414185
"CAF","Central African Republic",1984,461588,643996,507402,862463,93147,2568596,1105584,1612986,1369865,93147,0.430423468696517,0.627964070644041,0.533312751401933,0.0362637799015493
"CAF","Central African Republic",1988,504820,682927,529674,909545,86980,2713946,1187747,1717421,1439219,86980,0.437645774823817,0.632813254206237,0.530304950798579,0.0320492743776037
"CAF","Central African Republic",1992,571400,811079,559719,1031673,84945,3058816,1382479,1942198,1591392,84945,0.451965400991756,0.63495090910993,0.520264049880738,0.0277705491275055
"CAF","Central African Republic",1996,617032,953377,618529,1161144,85868,3435950,1570409,2188938,1779673,85868,0.457052343602206,0.637069223940977,0.517956605887746,0.0249910505100482
"CAF","Central African Republic",2000,665123,1077269,723208,1278978,88821,3833399,1742392,2465600,2002186,88821,0.454529257194464,0.643188981893093,0.522300444070654,0.0231702987348825
"CAF","Central African Republic",2004,725262,1166324,842106,1367242,91879,4192813,1891586,2733692,2209348,91879,0.451149621984095,0.651994734799763,0.52693692754721,0.0219134504686949
"CAF","Central African Republic",2008,799545,1268100,941168,1452887,97285,4558985,2067645,3008813,2394055,97285,0.453531871677577,0.659974314458152,0.525128948658528,0.0213391796638945
"CAF","Central African Republic",2012,835596,1327817,970171,1390519,86744,4610847,2163413,3133584,2360690,86744,0.469200778078301,0.679611359908494,0.511986192558547,0.0188130293631517
"CAF","Central African Republic",2016,895158,1414503,1005789,1302427,95786,4713663,2309661,3315450,2308216,95786,0.489992814505407,0.703370181533979,0.489686258860678,0.0203209266339151
"CAF","Central African Republic",2020,920387,1538210,1116996,1340418,110618,5026629,2458597,3575593,2457414,110618,0.489114474133659,0.711330197633444,0.488879127542534,0.0220063983238071
"CAN","Canada",1952,1782967,2678854,2176324,6717799,1126660,14482604,4461821,6638145,8894123,1126660,0.308081405802437,0.458353000606797,0.614124573177586,0.0777940210199768
"CAN","Canada",1956,1998000,3255973,2308265,7347799,1249351,16159388,5253973,7562238,9656064,1249351,0.32513440484256,0.467977995206254,0.597551342909769,0.0773142522476718
"CAN","Canada",1960,2224408,3817006,2558391,7935722,1362980,17898507,6041414,8599805,10494113,1362980,0.337537315263223,0.480476108984956,0.586312199112473,0.0761504856243038
"CAN","Canada",1964,2286051,4217811,3018499,8323517,1475427,19321305,6503862,9522361,11342016,1475427,0.336616082609327,0.492842538327509,0.587021218287274,0.0763626991033991
"CAN","Canada",1968,2033455,4525920,3628120,8933291,1612934,20733720,6559375,10187495,12561411,1612934,0.31636266912064,0.491349116318731,0.605844537304449,0.0777927935749108
"CAN","Canada",1972,1809665,4537924,4218990,9867660,1796073,22230312,6347589,10566579,14086650,1796073,0.285537557907419,0.475323018408379,0.633668569294034,0.0807938727985464
"CAN","Canada",1976,1764316,4206964,4635505,10833571,2014695,23455051,5971280,10606785,15469076,2014695,0.254583969994352,0.45221752022624,0.659520032593406,0.0858959974122418
"CAN","Canada",1980,1793573,3794788,4842654,11801865,2299790,24532670,5588361,10431015,16644519,2299790,0.227792612870919,0.425188738119414,0.678463412258022,0.0937439748710597
"CAN","Canada",1984,1852418,3680811,4632494,12934536,2568395,25668654,5533229,10165723,17567030,2568395,0.215563659863116,0.396036465332386,0.684376749945673,0.100059590191211
"CAN","Canada",1988,1880964,3725641,4245626,14142839,2930644,26925714,5606605,9852231,18388465,2930644,0.208224933236682,0.365904168780817,0.682933236236558,0.10884183052676
"CAN","Canada",1992,2003511,3897835,4021653,15280249,3294080,28497328,5901346,9922999,19301902,3294080,0.207084186980618,0.348208049540645,0.67732322132096,0.115592591698422
"CAN","Canada",1996,1970698,4050283,4034612,16112857,3595593,29764043,6020981,10055593,20147469,3595593,0.202290428084652,0.337843652490356,0.676906326200375,0.120803245714972
"CAN","Canada",2000,1806940,4126403,4195128,16890638,3869342,30888451,5933343,10128471,21085766,3869342,0.192089366993508,0.32790478875098,0.682642389545529,0.125268243460962
"CAN","Canada",2004,1719241,4075521,4386299,17801105,4146594,32128760,5794762,10181061,22187404,4146594,0.18036058658971,0.316883097884886,0.690577663127989,0.129061750282302
"CAN","Canada",2008,1805292,3855929,4547413,18684376,4551294,33444304,5661221,10208634,23231789,4551294,0.169273099538863,0.305242829989824,0.694641126333501,0.136085774127636
"CAN","Canada",2012,1926549,3775428,4616498,19428280,5169365,34916120,5701977,10318475,24044778,5169365,0.163305000670178,0.29552181055627,0.688644041777838,0.148050957551985
"CAN","Canada",2016,1951008,3946119,4515807,19982786,5949200,36344920,5897127,10412934,24498593,5949200,0.162254504893669,0.286503148170363,0.674058245278845,0.163687249827486
"CAN","Canada",2020,1924982,4135305,4599126,20647118,6854835,38161366,6060287,10659413,25246244,6854835,0.158806867657725,0.279324723334065,0.661565521527715,0.17962761081456
"CHE","Switzerland",1952,414601,735900,685102,2512859,463137,4811599,1150501,1835603,3197961,463137,0.239109909200663,0.381495423870526,0.664635810257671,0.0962542805416661
"CHE","Switzerland",1956,418754,823554,707849,2617609,497839,5065605,1242308,1950157,3325458,497839,0.245243756668749,0.384980076417328,0.656477952781553,0.0982782905496974
"CHE","Switzerland",1960,443806,836651,797577,2704970,544747,5327751,1280457,2078034,3502547,544747,0.240337245490639,0.390039624599573,0.657415671265418,0.102247083243943
"CHE","Switzerland",1964,499295,895395,958001,2836614,599813,5789118,1394690,2352691,3794615,599813,0.240915800990755,0.406398867668615,0.655473769924883,0.103610429084361
"CHE","Switzerland",1968,525445,928806,974318,2971050,667992,6067611,1454251,2428569,3945368,667992,0.23967439573829,0.400251268580006,0.650234169593272,0.110091434668439
"CHE","Switzerland",1972,479733,992139,933457,3117658,738035,6261022,1471872,2405329,4051115,738035,0.235084943001318,0.384175139458063,0.647037336715955,0.117877720282727
"CHE","Switzerland",1976,398809,984660,922600,3182083,814307,6302459,1383469,2306069,4104683,814307,0.219512574377715,0.365899881300299,0.651282777087483,0.129204648534802
"CHE","Switzerland",1980,356116,891410,969490,3227477,875207,6319700,1247526,2217016,4196967,875207,0.197402724812887,0.350810323274839,0.664108581103533,0.13848869408358
"CHE","Switzerland",1984,367250,790173,1006793,3378553,899451,6442220,1157423,2164216,4385346,899451,0.179662135102496,0.335942578800476,0.680719689796375,0.13961817510113
"CHE","Switzerland",1988,375632,749483,977864,3537054,953843,6593876,1125115,2102979,4514918,953843,0.170630293927274,0.318929109373607,0.684713816274373,0.144655889798352
"CHE","Switzerland",1992,414463,777615,897055,3784063,1001483,6874679,1192078,2089133,4681118,1001483,0.173401259898826,0.303888079719795,0.680921683761525,0.145677056339649
"CHE","Switzerland",1996,419837,829007,837227,3936049,1049281,7071401,1248844,2086071,4773276,1049281,0.176604890600887,0.295001089600208,0.675011359135198,0.148383750263915
"CHE","Switzerland",2000,399318,848796,830030,4004321,1100917,7183382,1248114,2078144,4834351,1100917,0.173750191762042,0.289298828880324,0.67299093936533,0.153258868872629
"CHE","Switzerland",2004,366533,842939,869895,4144656,1159362,7383385,1209472,2079367,5014551,1159362,0.163809959794864,0.281627871227086,0.679166940366783,0.157023099838353
"CHE","Switzerland",2008,372883,805357,913066,4295503,1253832,7640641,1178240,2091306,5208569,1253832,0.154206957243509,0.273708187572221,0.68169267473763,0.164100368018861
"CHE","Switzerland",2012,401267,796338,940135,4477160,1382699,7997599,1197605,2137740,5417295,1382699,0.149745567388412,0.267297722729034,0.677365169221413,0.172889263390175
"CHE","Switzerland",2016,426564,819302,933364,4684958,1509310,8373498,1245866,2179230,5618322,1509310,0.148786803316846,0.260253241835133,0.670964750932048,0.180248445751107
"CHE","Switzerland",2020,437399,863171,899981,4819792,1618624,8638967,1300570,2200551,5719773,1618624,0.150546934604566,0.254723857609365,0.66208992348275,0.187363141912685
"CHL","Chile",1952,1047695,1618723,1406718,2604053,214550,6891739,2666418,4073136,4010771,214550,0.38690060665385,0.591017158368882,0.581967918402017,0.0311314749441324
"CHL","Chile",1956,1136864,1804620,1419287,2895406,233347,7489524,2941484,4360771,4314693,233347,0.392746454914892,0.582249419322243,0.57609709241869,0.0311564526664178
"CHL","Chile",1960,1221040,2013729,1491501,3154844,272241,8153355,3234769,4726270,4646345,272241,0.396740850852195,0.57967180381573,0.569869090699473,0.033390058448332
"CHL","Chile",1964,1276341,2209572,1635773,3401462,319387,8842535,3485913,5121686,5037235,319387,0.394221001104321,0.579210147316352,0.569659605531672,0.036119393364007
"CHL","Chile",1968,1302625,2364435,1831402,3651495,364754,9514711,3667060,5498462,5482897,364754,0.385409499037858,0.577890594890376,0.57625470705311,0.038335793909032
"CHL","Chile",1972,1304615,2479948,2038819,3939605,411690,10174677,3784563,5823382,5978424,411690,0.371959031230181,0.572340723936494,0.587578750657146,0.0404622181126733
"CHL","Chile",1976,1287176,2540750,2214377,4324039,471911,10838253,3827926,6042303,6538416,471911,0.353186625187657,0.557497873504152,0.603272132510655,0.0435412423016883
"CHL","Chile",1980,1282606,2553195,2359076,4767530,546143,11508550,3835801,6194877,7126606,546143,0.333300111656117,0.538284753509347,0.61924447476007,0.0474554135838138
"CHL","Chile",1984,1305911,2544095,2454198,5276597,626923,12207724,3850006,6304204,7730795,626923,0.315374593986561,0.516411085309596,0.633270788232106,0.0513546177813325
"CHL","Chile",1988,1375140,2553861,2504880,5829764,735766,12999411,3929001,6433881,8334644,735766,0.302244540156473,0.494936347500668,0.641155510815067,0.0565999490284598
"CHL","Chile",1992,1445953,2627521,2521301,6385973,903795,13884543,4073474,6594775,8907274,903795,0.293381928378917,0.474972420770349,0.641524463570749,0.0650936080503334
"CHL","Chile",1996,1413181,2759666,2530088,6935551,1095487,14733973,4172847,6702935,9465639,1095487,0.28321261346142,0.454930587968364,0.642436293320206,0.0743510932183736
"CHL","Chile",2000,1316570,2840533,2578246,7500575,1267569,15503493,4157103,6735349,10078821,1267569,0.268139766954453,0.434440741837985,0.65010001294547,0.0817602201000768
"CHL","Chile",2004,1215711,2782083,2690892,8056248,1442082,16187016,3997794,6688686,10747140,1442082,0.246975353579684,0.413213034446868,0.663935835981134,0.0890888104391816
"CHL","Chile",2008,1166364,2608964,2826207,8617879,1618919,16838333,3775328,6601535,11444086,1618919,0.224210318206678,0.392053952134098,0.679644831825098,0.0961448499682243
"CHL","Chile",2012,1207948,2434889,2859592,9189969,1825435,17517833,3642837,6502429,12049561,1825435,0.207950207083262,0.371189119110794,0.687845408732918,0.10420438418382
"CHL","Chile",2016,1200383,2390842,2768071,9798998,2106704,18264998,3591225,6359296,12567069,2106704,0.196617869873295,0.348168447650528,0.688041082731025,0.11534104739568
"CHL","Chile",2020,1123464,2443211,2719228,10638825,2441983,19366711,3566675,6285903,13358053,2441983,0.18416524106752,0.32457256164973,0.689742982171831,0.126091776760649
"CHN","China",1952,88977195,114333329,101375487,233579596,26865157,565130764,203310524,304686011,334955083,26865157,0.359758372665764,0.539142496585091,0.592703679108151,0.0475379482260852
"CHN","China",1956,106480599,133259254,104728155,245616101,26473751,616557860,239739853,344468008,350344256,26473751,0.388835936662944,0.558695347748871,0.568226080193025,0.0429379831440313
"CHN","China",1960,98526706,165580158,105685519,259040458,25968767,654801608,264106864,369792383,364725977,25968767,0.403338752949428,0.564739576815456,0.557002262279112,0.0396589847714607
"CHN","China",1964,104865269,185529074,115276559,273142708,25984486,704798096,290394343,405670902,388419267,25984486,0.412024868750497,0.575584560035474,0.551107145726455,0.0368679855230483
"CHN","China",1968,133938138,186581502,142531567,289367162,28592285,781010654,320519640,463051207,431898729,28592285,0.410390867728163,0.592887183585078,0.552999791728833,0.0366093405430037
"CHN","China",1972,138241036,210667302,173086983,309090131,32592288,863677740,348908338,521995321,482177114,32592288,0.403979773752187,0.604386678994413,0.558283595453091,0.0377366307947221
"CHN","China",1976,120958997,253850181,175912972,342280575,37369515,930372240,374809178,550722150,518193547,37369515,0.40285937379215,0.59193742710982,0.556974428858711,0.0401661973491384
"CHN","China",1980,99796459,255095065,195668469,389390540,43212838,983163371,354891524,550559993,585059009,43212838,0.360969025563911,0.559988308392746,0.595078118507326,0.043952855928763
"CHN","China",1984,106584858,229911389,223704878,434078400,49569810,1043849335,336496247,560201125,657783278,49569810,0.322360934396725,0.536668565296351,0.630151551516771,0.0474875140865037
"CHN","China",1988,118961823,208092073,257417612,473645490,57126624,1115243622,327053896,584471508,731063102,57126624,0.293257804436922,0.52407518543065,0.655518747275113,0.0512234482879652
"CHN","China",1992,122854243,213587209,241676785,540396821,66058117,1184573175,336441452,578118237,782073606,66058117,0.284019137948147,0.488039277944986,0.660215529530288,0.0557653325215641
"CHN","China",1996,96036762,235715869,213043152,609522120,76624543,1230942446,331752631,544795783,822565272,76624543,0.269511082405229,0.442584285536937,0.668240237123158,0.0622486804716132
"CHN","China",2000,85176047,226431180,202745459,666135937,89087971,1269576594,311607227,514352686,868881396,89087971,0.245441849253248,0.405137183869664,0.684386747602563,0.0701714031441887
"CHN","China",2004,81017756,194850816,223899716,701585254,100739556,1302093098,275868572,499768288,925484970,100739556,0.211865474460875,0.38381916682274,0.710767126729674,0.0773673988094513
"CHN","China",2008,82286769,169361705,229700870,741026213,111435806,1333811363,251648474,481349344,970727083,111435806,0.188668713568307,0.360882623549819,0.727784385354648,0.0835469010770453
"CHN","China",2012,88355015,162231153,210380474,784075708,124464403,1369506753,250586168,460966642,994456182,124464403,0.182975489132181,0.336593186554371,0.726141860798842,0.0908826500689771
"CHN","China",2016,90873866,166134427,176195503,823552487,147273117,1404029400,257008293,433203796,999747990,147273117,0.18305050663469,0.308543251302288,0.712056307367923,0.104893185997387
"CHN","China",2020,80535432,175519598,162877776,826838782,180299849,1426071437,256055030,418932806,989716558,180299849,0.179552737230793,0.293767054812697,0.694016114706041,0.126431148063167
"CIV","Cote d'Ivoire",1952,517439,733825,567951,1001274,65215,2885704,1251264,1819215,1569225,65215,0.433607882166709,0.630423286657259,0.543792779855453,0.0225993379778383
"CIV","Cote d'Ivoire",1956,603208,785386,623860,1141890,75648,3229992,1388594,2012454,1765750,75648,0.42990632794137,0.623052317157442,0.546673180614689,0.0234204914439417
"CIV","Cote d'Ivoire",1960,697516,887260,684578,1315631,88652,3673637,1584776,2269354,2000209,88652,0.431391561006164,0.617740402767067,0.544476495636341,0.0241319433574956
"CIV","Cote d'Ivoire",1964,825885,1049398,749931,1543842,104843,4273899,1875283,2625214,2293773,104843,0.438775694044244,0.614243340799584,0.536693309785748,0.0245309961700078
"CIV","Cote d'Ivoire",1968,975644,1258132,839800,1793052,123330,4989958,2233776,3073576,2632852,123330,0.447654268833525,0.615952278556252,0.52763009227733,0.024715638889145
"CIV","Cote d'Ivoire",1972,1152381,1517648,989250,2103746,146601,5909626,2670029,3659279,3092996,146601,0.451810148391793,0.619206528467284,0.523382697991379,0.0248071536168279
"CIV","Cote d'Ivoire",1976,1389652,1833555,1199031,2460994,174611,7057843,3223207,4422238,3660025,174611,0.45668442893955,0.626570752565621,0.518575576135655,0.024739994924795
"CIV","Cote d'Ivoire",1980,1633470,2238008,1450160,2696605,202431,8220674,3871478,5321638,4146765,202431,0.470944109935511,0.647348137147879,0.504431266828,0.0246246232364889
"CIV","Cote d'Ivoire",1984,1887686,2728263,1804198,2994966,235394,9650507,4615949,6420147,4799164,235394,0.478311553994003,0.665265254975723,0.497296566905759,0.0243918791002379
"CIV","Cote d'Ivoire",1988,2180236,3235408,2181883,3403351,274305,11275183,5415644,7597527,5585234,274305,0.480315397098211,0.673827378234127,0.49535639465896,0.0243282082428285
"CIV","Cote d'Ivoire",1992,2482738,3768219,2669497,3954294,325553,13200301,6250957,8920454,6623791,325553,0.473546550188515,0.675776559943595,0.50179090613161,0.0246625436798752
"CIV","Cote d'Ivoire",1996,2803769,4366318,3263427,4624895,383898,15442307,7170087,10433514,7888322,383898,0.464314496532157,0.675644772507113,0.510825357895035,0.0248601455728085
"CIV","Cote d'Ivoire",2000,3207322,4940970,3713001,5407705,429998,17698996,8148292,11861293,9120706,429998,0.460381594526605,0.670167562047022,0.515323355064886,0.024295050408509
"CIV","Cote d'Ivoire",2004,3556994,5513465,3979201,6091350,453983,19594993,9070459,13049660,10070551,453983,0.462896771639571,0.665969107516395,0.51393491184202,0.0231683165184086
"CIV","Cote d'Ivoire",2008,3769690,6089582,4399112,6779023,477035,21514442,9859272,14258384,11178135,477035,0.458262965871948,0.662735477871097,0.519564253630189,0.0221727804978628
"CIV","Cote d'Ivoire",2012,3949507,6066128,4677342,8202525,571470,23466972,10015635,14692977,12879867,571470,0.426797074628972,0.626113032392931,0.548850827452302,0.0243520979187259
"CIV","Cote d'Ivoire",2016,4294956,6711034,4796292,9538243,648463,25988988,11005990,15802282,14334535,648463,0.423486670585249,0.608037604234532,0.551561876899554,0.0249514525151961
"CIV","Cote d'Ivoire",2020,4542887,7653826,5294193,10702790,721409,28915105,12196713,17490906,15996983,721409,0.421811126053321,0.60490549835458,0.55323966487412,0.0249492090725591
"CMR","Cameroon",1952,699197,1047891,839648,1717885,160094,4464715,1747088,2586736,2557533,160094,0.391310083622359,0.579373151477754,0.57283230844522,0.0358576079324212
"CMR","Cameroon",1956,771109,1095288,894158,1846799,180983,4788337,1866397,2760555,2740957,180983,0.389779792023828,0.576516439841223,0.57242357837387,0.0377966296023024
"CMR","Cameroon",1960,850915,1189088,943102,1974008,201939,5159052,2040003,2983105,2917110,201939,0.395422065914435,0.57822735649883,0.565435277644032,0.0391426564415323
"CMR","Cameroon",1964,934239,1334590,989149,2097279,222994,5578251,2268829,3257978,3086428,222994,0.406727664280435,0.584050090252303,0.553296723291942,0.0399756124276229
"CMR","Cameroon",1968,1039262,1506521,1071181,2260964,247922,6125850,2545783,3616964,3332145,247922,0.415580368438666,0.590442795693659,0.543948186782242,0.0404714447790919
"CMR","Cameroon",1972,1199606,1694755,1190190,2446810,275493,6806854,2894361,4084551,3637000,275493,0.425212734105947,0.600064435053257,0.534314383707951,0.0404728821861024
"CMR","Cameroon",1976,1367124,1938963,1353992,2633267,304594,7597940,3306087,4660079,3987259,304594,0.435129390334749,0.613334535413546,0.524781585535027,0.0400890241302248
"CMR","Cameroon",1980,1550115,2239899,1530331,2858169,333678,8512192,3790014,5320345,4388500,333678,0.445245361006895,0.625026432674451,0.515554630346684,0.0392000086464215
"CMR","Cameroon",1984,1759767,2573965,1708261,3071383,361694,9475070,4333732,6041993,4779644,361694,0.45738258398091,0.637672650439522,0.504444188802827,0.0381732272162633
"CMR","Cameroon",1988,1966371,2956751,1989673,3377245,394915,10684955,4923122,6912795,5366918,394915,0.460752712575767,0.646965289044268,0.502287375098912,0.036959912325321
"CMR","Cameroon",1992,2181436,3362602,2308653,3725280,428372,12006343,5544038,7852691,6033933,428372,0.461759088508466,0.654045199275083,0.502562104047835,0.0356788074436987
"CMR","Cameroon",1996,2358617,3773638,2654598,4165733,462153,13414739,6132255,8786853,6820331,462153,0.457128163283684,0.655014831074984,0.508420700544379,0.0344511361719375
"CMR","Cameroon",2000,2546358,4150252,3032404,4687398,496198,14912610,6696610,9729014,7719802,496198,0.449056872002956,0.652401826373787,0.517669408641412,0.0332737193556326
"CMR","Cameroon",2004,2839248,4499168,3434750,5304609,532684,16610459,7338416,10773166,8739359,532684,0.441794895613661,0.648577260869191,0.526135912318859,0.0320691920674799
"CMR","Cameroon",2008,3212968,4926380,3815097,6049589,569990,18574024,8139348,11954445,9864686,569990,0.438211342894787,0.643610937511441,0.531101176567878,0.0306874805373354
"CMR","Cameroon",2012,3538781,5535792,4183030,6938210,613677,20809490,9074573,13257603,11121240,613677,0.436078587221503,0.637094085438903,0.534431165780613,0.0294902469978841
"CMR","Cameroon",2016,3843745,6252003,4616128,8080415,661768,23454059,10095748,14711876,12696543,661768,0.430447795837812,0.627263536772036,0.541336704235288,0.0282154999268996
"CMR","Cameroon",2020,4227216,6923744,5105806,9225968,727756,26210490,11150960,16256766,14331774,727756,0.425438822395156,0.620238919608142,0.546795347969458,0.0277658296353864
"COD","Democratic Republic of Congo",1952,2198735,3350246,2439887,4368686,446046,12803600,5548981,7988868,6808573,446046,0.433392249054953,0.623954825205411,0.531770205254772,0.0348375456902746
"COD","Democratic Republic of Congo",1956,2393911,3612056,2686894,4799299,437776,13929936,6005967,8692861,7486193,437776,0.431155390807251,0.624041704139919,0.537417616276198,0.0314269929165504
"COD","Democratic Republic of Congo",1960,2668604,3877593,2976977,5281241,460421,15264836,6546197,9523174,8258218,460421,0.428841620047539,0.623863499090328,0.540996182336974,0.030162197615487
"COD","Democratic Republic of Congo",1964,3014721,4225999,3306339,5912882,495330,16955271,7240720,10547059,9219221,495330,0.42704832025392,0.622051927096889,0.543737755651325,0.029213924094755
"COD","Democratic Republic of Congo",1968,3444788,4760874,3582589,6678799,545054,19012104,8205662,11788251,10261388,545054,0.431601994182233,0.620039265512118,0.539729216713731,0.028668789104036
"COD","Democratic Republic of Congo",1972,3893219,5424861,3840819,7487108,605103,21251110,9318080,13158899,11327927,605103,0.438474978483477,0.619209961267906,0.533051073567451,0.0284739479490718
"COD","Democratic Republic of Congo",1976,4304831,6200946,4233154,8210817,674263,23624011,10505777,14738931,12443971,674263,0.444707590087052,0.623896213052051,0.52675098229509,0.0285414276178588
"COD","Democratic Republic of Congo",1980,4790457,7027684,4903412,9225631,763774,26710958,11818141,16721553,14129043,763774,0.442445418842709,0.626018467776408,0.528960548700649,0.028594032456642
"COD","Democratic Republic of Congo",1984,5487902,7857895,5648800,10385538,864790,30244925,13345797,18994597,16034338,864790,0.44125740103505,0.62802592501056,0.530149702801379,0.0285928961635712
"COD","Democratic Republic of Congo",1988,6339048,8879493,6434958,11747299,981791,34382589,15218541,21653499,18182257,981791,0.442623474340458,0.629780933599852,0.528821637020993,0.028554888638549
"COD","Democratic Republic of Congo",1992,7215550,10230623,7263272,13389782,1129469,39228696,17446173,24709445,20653054,1129469,0.444729873254008,0.629881885444268,0.526478218903835,0.0287919078421572
"COD","Democratic Republic of Congo",1996,8398664,11850054,8208848,15525841,1312356,45295763,20248718,28457566,23734689,1312356,0.447033379258894,0.628261102478834,0.523993579708548,0.0289730410325575
"COD","Democratic Republic of Congo",2000,9424272,13641401,9079436,16868741,1493456,50507306,23065673,32145109,25948177,1493456,0.456679930622314,0.636444735341853,0.513750961098579,0.0295691082791072
"COD","Democratic Republic of Congo",2004,10498209,15645816,10528228,18604193,1721243,56997689,26144025,36672253,29132421,1721243,0.458685702151889,0.643398945525669,0.511115827871548,0.0301984699765634
"COD","Democratic Republic of Congo",2008,11814394,17830642,12131873,20628667,1985053,64390629,29645036,41776909,32760540,1985053,0.460393638956377,0.648804176148054,0.508778070796606,0.0308282902470172
"COD","Democratic Republic of Congo",2012,13583975,20078991,14104061,23188656,2298872,73254555,33662966,47767027,37292717,2298872,0.459534099961429,0.652069035161022,0.509083933415472,0.0313819666230994
"COD","Democratic Republic of Congo",2016,15546393,23002819,16248749,26542950,2615309,83956220,38549212,54797961,42791699,2615309,0.459158499513199,0.652696857957636,0.509690633999482,0.0311508664873192
"COD","Democratic Republic of Congo",2020,17667699,26538184,18392964,30428828,2962162,95989837,44205883,62598847,48821792,2962162,0.460526701384023,0.65214036148431,0.508614177561318,0.0308591210546592
"COG","Congo",1952,148396,207122,160420,326828,29918,872684,355518,515938,487248,29918,0.407384574485152,0.591208272410174,0.558332683995581,0.034282741519267
"COG","Congo",1956,166407,232109,172900,351850,33559,956825,398516,571416,524750,33559,0.41649831473885,0.597200114963551,0.548428395997178,0.035073289263972
"COG","Congo",1960,184901,266429,187863,380090,37454,1056737,451330,639193,567953,37454,0.427097754692038,0.604874249695052,0.537459178584643,0.035443066723319
"COG","Congo",1964,206648,306728,207613,411390,42443,1174822,513376,720989,619003,42443,0.436981942796441,0.613700628690985,0.526890882193217,0.036127175010342
"COG","Congo",1968,235913,347690,238553,446809,47559,1316524,583603,822156,685362,47559,0.443290817334131,0.624489944733252,0.52058450890375,0.036124673762119
"COG","Congo",1972,272366,396735,276394,488184,52796,1486475,669101,945495,764578,52796,0.450125969155216,0.636065187776451,0.51435644729982,0.0355175835449638
"COG","Congo",1976,306951,454551,312113,536015,57600,1667230,761502,1073615,848128,57600,0.456746819574984,0.643951344445577,0.508704857758078,0.0345483226669386
"COG","Congo",1980,327588,509163,351468,580045,60723,1828987,836751,1188219,931513,60723,0.457494230412791,0.64965962032535,0.50930542425944,0.0332003453277689
"COG","Congo",1984,342923,557140,403503,629095,66866,1999527,900063,1303566,1032598,66866,0.450137957626979,0.651937183143814,0.516421133598096,0.0334409087749253
"COG","Congo",1988,383873,615648,459044,712085,76998,2247648,999521,1458565,1171129,76998,0.44469641153775,0.648929458705278,0.521046444994946,0.0342571434673045
"COG","Congo",1992,424683,678943,516333,815789,83713,2519461,1103626,1619959,1332122,83713,0.43804051739638,0.642978398951204,0.528732931369051,0.0332265512345696
"COG","Congo",1996,468862,751646,576189,937653,92426,2826776,1220508,1796697,1513842,92426,0.431766790152456,0.635599354175923,0.535536597169355,0.0326966126781889
"COG","Congo",2000,506446,831398,640670,1074291,98526,3151331,1337844,1978514,1714961,98526,0.424532998913792,0.627834397592636,0.544202116502519,0.0312648845836886
"COG","Congo",2004,565144,912513,716190,1263911,107774,3565532,1477657,2193847,1980101,107774,0.414428197531252,0.615293033409881,0.555345177101201,0.0302266253675468
"COG","Congo",2008,662260,1010545,810852,1512590,117211,4113458,1672805,2483657,2323442,117211,0.406666361975739,0.603788102370317,0.564839120759225,0.0284945172650359
"COG","Congo",2012,793722,1147746,890477,1780870,127583,4740398,1941468,2831945,2671347,127583,0.409558016014689,0.597406589066994,0.563527999125812,0.0269139848594991
"COG","Congo",2016,848142,1348098,932197,1954774,139323,5222534,2196240,3128437,2886971,139323,0.420531489120033,0.599026641090321,0.552791231229897,0.0266772796500703
"COG","Congo",2020,859813,1542907,1041626,2149713,158728,5752787,2402720,3444346,3191339,158728,0.417661908914757,0.598726495522953,0.554746594998216,0.027591496087027
"COK","Cook Islands",1952,2744,4329,2943,4902,445,15363,7073,10016,7845,445,0.460391850550023,0.651955998177439,0.510642452645968,0.0289656968040096
"COK","Cook Islands",1956,2995,4505,3271,5185,499,16455,7500,10771,8456,499,0.455788514129444,0.654573078091765,0.513886356730477,0.030325129140079
"COK","Cook Islands",1960,3508,4898,3259,5503,517,17685,8406,11665,8762,517,0.475318066157761,0.659598529827537,0.495448119875601,0.0292338139666384
"COK","Cook Islands",1964,3836,5489,3148,5568,568,18609,9325,12473,8716,568,0.50110161749691,0.670267075071202,0.468375517222849,0.0305228652802407
"COK","Cook Islands",1968,3885,6294,3312,5588,633,19712,10179,13491,8900,633,0.516385957792208,0.684405438311688,0.451501623376623,0.0321124188311688
"COK","Cook Islands",1972,3741,6906,3588,5898,662,20795,10647,14235,9486,662,0.511998076460688,0.68453955277711,0.456167347920173,0.0318345756191392
"COK","Cook Islands",1976,2877,6201,3184,5313,695,18270,9078,12262,8497,695,0.49688013136289,0.671154898741106,0.465079365079365,0.0380405035577449
"COK","Cook Islands",1980,2351,5525,3707,5399,737,17719,7876,11583,9106,737,0.444494610305322,0.653705062362436,0.513911620294599,0.041593769400079
"COK","Cook Islands",1984,2094,4757,3963,5512,759,17085,6851,10814,9475,759,0.400995024875622,0.632952882645596,0.554580040971613,0.0444249341527656
"COK","Cook Islands",1988,2109,4086,3927,5868,781,16771,6195,10122,9795,781,0.369387633414823,0.603541828155745,0.584043885278159,0.0465684813070181
"COK","Cook Islands",1992,2368,3832,3755,6710,830,17495,6200,9955,10465,830,0.354386967705059,0.569019719919977,0.598170905973135,0.0474421263218062
"COK","Cook Islands",1996,2395,4006,3243,7327,909,17880,6401,9644,10570,909,0.357997762863535,0.539373601789709,0.591163310961969,0.0508389261744966
"COK","Cook Islands",2000,1804,3688,2546,6902,936,15876,5492,8038,9448,936,0.345930964978584,0.506298815822625,0.595112118921643,0.0589569160997732
"COK","Cook Islands",2004,1511,3335,2463,6759,1035,15103,4846,7309,9222,1035,0.320863404621598,0.483943587366748,0.610607164139575,0.0685294312388267
"COK","Cook Islands",2008,1534,3071,2708,7466,1224,16003,4605,7313,10174,1224,0.287758545272761,0.456976816846841,0.63575579578829,0.0764856589389489
"COK","Cook Islands",2012,1574,3005,2773,8742,1596,17690,4579,7352,11515,1596,0.258846806105144,0.41560203504805,0.650932730356133,0.0902204635387224
"COK","Cook Islands",2016,1388,2921,2626,8676,1749,17360,4309,6935,11302,1749,0.248214285714286,0.399481566820277,0.651036866359447,0.100748847926267
"COK","Cook Islands",2020,1180,2733,2143,7886,1722,15664,3913,6056,10029,1722,0.249808478038815,0.38661899897855,0.640257916241062,0.109933605720123
"COL","Colombia",1952,2266193,3235461,2381628,4137609,384934,12405825,5501654,7883282,6519237,384934,0.443473448964499,0.635450040605925,0.525498062402138,0.0310284886333638
"COL","Colombia",1956,2607191,3728871,2573519,4541548,410661,13861790,6336062,8909581,7115067,410661,0.457088298120228,0.642743902483013,0.513286307179664,0.0296253947001073
"COL","Colombia",1960,2963540,4337920,2861018,4998554,445158,15606190,7301460,10162478,7859572,445158,0.467856664567072,0.65118251155471,0.503618884557986,0.0285244508749413
"COL","Colombia",1964,3294199,5041859,3287483,5519591,494261,17637393,8336058,11623541,8807074,494261,0.472635496640575,0.659028292900204,0.499341030729428,0.028023472629997
"COL","Colombia",1968,3482225,5749214,3846651,6130626,558049,19766765,9231439,13078090,9977277,558049,0.467018199487878,0.661620148769918,0.504750119708511,0.0282316808036115
"COL","Colombia",1972,3488498,6354081,4485859,6850952,640138,21819528,9842579,14328438,11336811,640138,0.451090371890721,0.656679557871279,0.519571779921179,0.0293378481881001
"COL","Colombia",1976,3515021,6693385,5185969,7713269,751118,23858762,10208406,15394375,12899238,751118,0.427868218812024,0.645229412993013,0.54064992978261,0.0314818514053663
"COL","Colombia",1980,3697924,6812274,5878862,8818851,896508,26104419,10510198,16389060,14697713,896508,0.402621410574202,0.627827035721423,0.563035438559272,0.0343431508665257
"COL","Colombia",1984,3924209,6990469,6411031,10272164,1044622,28642495,10914678,17325709,16683195,1044622,0.381065895272042,0.604895243937373,0.582463050093925,0.0364710546340324
"COL","Colombia",1988,4005340,7360948,6628967,11946338,1188576,31130169,11366288,17995255,18575305,1188576,0.365121307243787,0.578064802667791,0.596697852812813,0.0381808399434002
"COL","Colombia",1992,4190980,7719018,6746580,13740560,1362869,33760007,11909998,18656578,20487140,1362869,0.352784227799479,0.552623641339885,0.606846438153878,0.0403693340466428
"COL","Colombia",1996,4378535,8035242,7008367,15486600,1553256,36462000,12413777,19422144,22494967,1553256,0.340457928802589,0.532668092808952,0.616942762327903,0.042599308869508
"COL","Colombia",2000,4321604,8375504,7420316,17193444,1778148,39089016,12697108,20117424,24613760,1778148,0.324825470152536,0.514656700491002,0.629684819899278,0.045489709948186
"COL","Colombia",2004,4213736,8607112,7737574,18956344,2027442,41542208,12820848,20558422,26693918,2027442,0.308622209007282,0.494880339533228,0.642573403898031,0.0488043870946869
"COL","Colombia",2008,4015256,8535311,8056258,20766742,2384151,43757718,12550567,20606825,28823000,2384151,0.286819504618591,0.470930065411546,0.658695227205404,0.054485268176005
"COL","Colombia",2012,3765478,8241135,8353224,22478712,2875939,45714488,12006613,20359837,30831936,2875939,0.262643497177525,0.445369463615124,0.674445615578151,0.0629108872443239
"COL","Colombia",2016,3504119,7840967,8445780,24141690,3503461,47436017,11345086,19790866,32587470,3503461,0.23916607501005,0.417211799211557,0.686977365742997,0.0738565592469536
"COL","Colombia",2020,3494114,7474726,8649754,26726016,4283447,50628057,10968840,19618594,35375770,4283447,0.216655361670309,0.38750438319211,0.698738448524698,0.0846061898049929
"COM","Comoros",1952,26031,38391,31952,66321,6288,168983,64422,96374,98273,6288,0.381233615215732,0.570317724268122,0.581555541089932,0.0372108436943361
"COM","Comoros",1956,31977,40839,33162,70420,6568,182966,72816,105978,103582,6568,0.397975580162435,0.579222369183346,0.566127039996502,0.0358973798410634
"COM","Comoros",1960,35989,46305,34089,74276,7051,197710,82294,116383,108365,7051,0.41623590106722,0.588655100905366,0.548100753629053,0.0356633453037277
"COM","Comoros",1964,39065,53397,32493,78780,7916,211651,92462,124955,111273,7916,0.436860681026785,0.590382280263264,0.525738125499053,0.0374011934741627
"COM","Comoros",1968,42417,61803,33451,83616,8971,230258,104220,137671,117067,8971,0.452622710177279,0.597898878649167,0.50841664567572,0.0389606441470003
"COM","Comoros",1972,47864,71879,40487,89150,10705,260085,119743,160230,129637,10705,0.460399484783821,0.616067823980622,0.49844089432301,0.0411596208931695
"COM","Comoros",1976,55064,83537,50317,95392,13237,297547,138601,188918,145709,13237,0.465812123798929,0.634918180993255,0.48970078676646,0.0444870894346103
"COM","Comoros",1980,62845,95587,60923,103640,14733,337728,158432,219355,164563,14733,0.469111237445518,0.649501966079212,0.487264899564146,0.0436238629903354
"COM","Comoros",1984,71322,105583,72116,112739,15884,377644,176905,249021,184855,15884,0.468443825401701,0.659406742858353,0.489495397782038,0.0420607768162608
"COM","Comoros",1988,79681,118233,81673,124849,17261,421697,197914,279587,206522,17261,0.469327502922715,0.663004479519655,0.489740263743873,0.0409322333334124
"COM","Comoros",1992,85798,133291,87479,139374,19176,465118,219089,306568,226853,19176,0.471039607153454,0.659118761260583,0.487732145391062,0.0412282474554844
"COM","Comoros",1996,88127,151126,89977,148963,20920,499113,239253,329230,238940,20920,0.479356378214953,0.659630183946321,0.478729265717383,0.041914356067664
"COM","Comoros",2000,89530,162469,102135,159519,22431,536084,251999,354134,261654,22431,0.470073719790182,0.660594235231792,0.488083956991815,0.0418423232180032
"COM","Comoros",2004,93294,172348,116739,175010,23320,580711,265642,382381,291749,23320,0.457442686637587,0.658470392329403,0.502399644573635,0.0401576687887779
"COM","Comoros",2008,94091,176020,132699,199879,26624,629313,270111,402810,332578,26624,0.429215668514714,0.640078943228568,0.528477879846754,0.0423064516385328
"COM","Comoros",2012,102421,173631,143304,233947,28333,681636,276052,419356,377251,28333,0.404984478519327,0.615219853411498,0.553449348332541,0.0415661731481318
"COM","Comoros",2016,107905,185741,141977,273743,32378,741744,293646,435623,415720,32378,0.395885912120624,0.587295616816584,0.560462909036002,0.0436511788433745
"COM","Comoros",2020,111521,195449,153818,305538,35845,802171,306970,460788,459356,35845,0.382674018382614,0.574426151032635,0.572640995498466,0.0446849861189198
"CPV","Cape Verde",1952,34600,48991,33249,65548,7057,189445,83591,116840,98797,7057,0.441241521285861,0.616748924489958,0.521507561561403,0.0372509171527356
"CPV","Cape Verde",1956,36154,50443,32548,70931,7780,197856,86597,119145,103479,7780,0.437676896328643,0.602180373605046,0.523001576904415,0.0393215267669416
"CPV","Cape Verde",1960,42207,49424,32895,76709,8799,210034,91631,124526,109604,8799,0.436267461458621,0.592884961482427,0.52183932125275,0.0418932172886295
"CPV","Cape Verde",1964,44235,64791,36431,80833,10727,237017,109026,145457,117264,10727,0.459992321225904,0.613698595459397,0.494749321778607,0.0452583569954898
"CPV","Cape Verde",1968,46348,77525,47785,84520,13994,270172,123873,171658,132305,13994,0.458496809439912,0.635365618939046,0.489706557304236,0.0517966332558518
"CPV","Cape Verde",1972,50687,83099,59221,87703,16678,297388,133786,193007,146924,16678,0.449870203236176,0.64900735739169,0.494048179482696,0.0560816172811277
"CPV","Cape Verde",1976,55878,86171,62195,87482,17736,309462,142049,204244,149677,17736,0.459019201065074,0.659997027098642,0.483668431018994,0.0573123679159315
"CPV","Cape Verde",1980,58562,94777,66377,86237,17357,323310,153339,219716,152614,17357,0.474278556184467,0.679583062695246,0.472036126318394,0.053685317497139
"CPV","Cape Verde",1984,62275,97163,72478,93378,17217,342511,159438,231916,165856,17217,0.465497458475786,0.677105260852936,0.484235542800085,0.0502669987241286
"CPV","Cape Verde",1988,65260,101157,75362,103300,17260,362339,166417,241779,178662,17260,0.459285365362271,0.667272912935124,0.493079685046324,0.0476349495914047
"CPV","Cape Verde",1992,68468,110361,77958,118384,18254,393425,178829,256787,196342,18254,0.454544068119718,0.652696193683675,0.499058270318358,0.0463976615619241
"CPV","Cape Verde",1996,66046,122013,84141,133286,20105,425591,188059,272200,217427,20105,0.441877295337542,0.639581194151192,0.510882513962936,0.0472401906995214
"CPV","Cape Verde",2000,60939,128464,94239,147700,21991,453333,189403,283642,241939,21991,0.417801042500767,0.625681342412752,0.533689363006885,0.0485095944923489
"CPV","Cape Verde",2004,57055,124759,106590,166741,24230,479375,181814,288404,273331,24230,0.379273011734029,0.601625032594524,0.570182007822686,0.0505449804432855
"CPV","Cape Verde",2008,54110,116707,115766,189515,25262,501360,170817,286583,305281,25262,0.340707276208712,0.571611217488431,0.608905776288495,0.0503869475027924
"CPV","Cape Verde",2012,50431,105442,115760,215213,25118,511964,155873,271633,330973,25118,0.304460860529256,0.530570508863904,0.646477096045816,0.0490620434249283
"CPV","Cape Verde",2016,47073,99105,102392,236813,27169,512552,146178,248570,339205,27169,0.285196428850146,0.484965427898047,0.661796266525153,0.0530073046247015
"CPV","Cape Verde",2020,47804,98341,88350,249390,30794,514679,146145,234495,337740,30794,0.283953687638314,0.4556140817869,0.656214844592455,0.0598314677692309
"CRI","Costa Rica",1952,183284,258344,186751,331529,31864,991772,441628,628379,518280,31864,0.445291861435895,0.633592196593572,0.522579786483184,0.0321283520809218
"CRI","Costa Rica",1956,215390,304539,209494,379050,35363,1143836,519929,729423,588544,35363,0.454548554163359,0.637698935861435,0.514535300515109,0.0309161453215321
"CRI","Costa Rica",1960,253151,363302,238001,432726,40311,1327491,616453,854454,670727,40311,0.464374523066446,0.643660860977589,0.505259169365367,0.0303663075681869
"CRI","Costa Rica",1964,284925,430198,277639,494066,47130,1533958,715123,992762,771705,47130,0.46619464157428,0.647189818756446,0.503080918773526,0.0307244396521939
"CRI","Costa Rica",1968,290608,501214,330414,562460,55032,1739728,791822,1122236,892874,55032,0.455141263461875,0.645064055990362,0.513226205475799,0.031632531062327
"CRI","Costa Rica",1972,282485,552947,393233,644745,64846,1938256,835432,1228665,1037978,64846,0.431022527467992,0.633902332818781,0.535521623562625,0.0334558489693828
"CRI","Costa Rica",1976,291225,567267,464583,746815,77877,2147767,858492,1323075,1211398,77877,0.399713749210226,0.616023525829385,0.564026731018774,0.0362595197709994
"CRI","Costa Rica",1980,328173,567946,529970,871758,92792,2390639,896119,1426089,1401728,92792,0.37484496822816,0.596530467377132,0.586340304830633,0.0388147269412069
"CRI","Costa Rica",1984,372127,598506,563898,1024473,108590,2667594,970633,1534531,1588371,108590,0.363860842392058,0.575249082131689,0.595432063499918,0.0407070941080239
"CRI","Costa Rica",1988,407533,666789,567133,1198165,128475,2968095,1074322,1641455,1765298,128475,0.361956743298311,0.553033174477232,0.594757917115187,0.0432853395865025
"CRI","Costa Rica",1992,411636,751709,583838,1382304,154753,3284240,1163345,1747183,1966142,154753,0.354220458918958,0.531990049448274,0.598659659464595,0.047119881616447
"CRI","Costa Rica",1996,406076,809471,645672,1572263,185487,3618969,1215547,1861219,2217935,185487,0.335882125544596,0.514295369758625,0.61286377418541,0.051254100269994
"CRI","Costa Rica",2000,398551,826910,730172,1762783,219256,3937672,1225461,1955633,2492955,219256,0.311214595832258,0.496647003610255,0.633103772990742,0.055681631177
"CRI","Costa Rica",2004,377711,813848,797183,1951454,259792,4199988,1191559,1988742,2748637,259792,0.283705334396193,0.47351135288958,0.654439250778812,0.0618554148249947
"CRI","Costa Rica",2008,360299,789649,828512,2153494,307951,4439905,1149948,1978460,2982006,307951,0.259002839024709,0.44560863351806,0.671637343591811,0.0693598173834801
"CRI","Costa Rica",2012,361423,752462,823328,2359594,366869,4663676,1113885,1937213,3182922,366869,0.238842706911887,0.415383272765947,0.682492094219238,0.0786651988688751
"CRI","Costa Rica",2016,351538,725071,805363,2543353,441284,4866609,1076609,1881972,3348716,441284,0.221223648745975,0.386711157604813,0.688100482286537,0.0906758689674885
"CRI","Costa Rica",2020,329510,714421,769409,2693125,527299,5033764,1043931,1813340,3462534,527299,0.207385765403384,0.360235402374843,0.687861806791101,0.104752427805515
"CUB","Cuba",1952,830948,1411173,1126649,2524470,268931,6162171,2242121,3368770,3651119,268931,0.363852447457235,0.546685575586916,0.592505303731428,0.0436422488113361
"CUB","Cuba",1956,900832,1501083,1237488,2743141,293517,6676061,2401915,3639403,3980629,293517,0.359780265638675,0.545142262780403,0.59625413848076,0.0439655958805649
"CUB","Cuba",1960,993509,1614135,1332887,2987255,310296,7238082,2607644,3940531,4320142,310296,0.360267264173023,0.54441646281432,0.596862815314886,0.0428699205120915
"CUB","Cuba",1964,1170345,1744728,1387391,3218181,345370,7866015,2915073,4302464,4605572,345370,0.370590826485838,0.546968700161391,0.585502570234102,0.0439066032800599
"CUB","Cuba",1968,1268766,1950370,1463970,3415831,410584,8509521,3219136,4683106,4879801,410584,0.37829814392608,0.550337204644069,0.573451901699285,0.0482499543746352
"CUB","Cuba",1972,1236662,2212703,1564966,3610847,498714,9123892,3449365,5014331,5175813,498714,0.378058508364632,0.549582458889255,0.567281265495032,0.0546602261403357
"CUB","Cuba",1976,1063224,2402394,1671977,3826758,606882,9571235,3465618,5137595,5498735,606882,0.362086815337833,0.536774512380064,0.57450632023976,0.0634068644224074
"CUB","Cuba",1980,797856,2327709,1919978,4039887,719173,9804603,3125565,5045543,5959865,719173,0.318785472496949,0.514609617543923,0.60786397980622,0.0733505476968318
"CUB","Cuba",1984,738191,1991470,2236048,4312769,794459,10072937,2729661,4965709,6548817,794459,0.270989583276457,0.492975286155369,0.650139775519295,0.0788706412042486
"CUB","Cuba",1988,849066,1617555,2343835,4762342,859589,10432387,2466621,4810456,7106177,859589,0.236438793921276,0.461107894099404,0.681165010462131,0.0823961956165928
"CUB","Cuba",1992,889155,1522503,2123854,5334067,916083,10785662,2411658,4535512,7457921,916083,0.223598514398096,0.420513084871378,0.691466226180646,0.0849352594212576
"CUB","Cuba",1996,758590,1664417,1724635,5825699,988564,10961905,2423007,4147642,7550334,988564,0.221038861402284,0.378368723319533,0.688779368184636,0.0901817704130806
"CUB","Cuba",2000,722980,1638952,1487586,6168827,1090269,11108614,2361932,3849518,7656413,1090269,0.212621664592901,0.346534500163567,0.689232068014966,0.0981462673921337
"CUB","Cuba",2004,700459,1525858,1542059,6248958,1219962,11237296,2226317,3768376,7791017,1219962,0.198118568737533,0.335345442533506,0.693317769684095,0.108563661578373
"CUB","Cuba",2008,626579,1427157,1643727,6233723,1358480,11289666,2053736,3697463,7877450,1358480,0.181912910443941,0.327508626030212,0.697757577593527,0.120329511962533
"CUB","Cuba",2012,626194,1331070,1569423,6276403,1497556,11300646,1957264,3526687,7845826,1497556,0.173199302057599,0.31207835375075,0.694281194190137,0.132519503752263
"CUB","Cuba",2016,613599,1243899,1423850,6353400,1628159,11262907,1857498,3281348,7777250,1628159,0.164921720475895,0.291341125341797,0.690518886465102,0.144559393059003
"CUB","Cuba",2020,558146,1211681,1345047,6313544,1745324,11173742,1769827,3114874,7658591,1745324,0.15839161133307,0.278767310002325,0.685409686387962,0.156198702278968
"CUW","Curacao",1952,17312,23958,18311,42533,5068,107182,41270,59581,60844,5068,0.385045996529268,0.555886249556829,0.567669944580247,0.0472840588904853
"CUW","Curacao",1956,19078,29079,19387,46598,5177,119319,48157,67544,65985,5177,0.403598756275195,0.566079165933338,0.553013350765595,0.0433878929592102
"CUW","Curacao",1960,20940,33943,21451,50306,5558,132198,54883,76334,71757,5558,0.415157566680283,0.577421746168626,0.542799437207825,0.0420429961118928
"CUW","Curacao",1964,21274,36678,24496,51892,6201,140541,57952,82448,76388,6201,0.412349421165354,0.586647312883785,0.543528223080809,0.044122355753837
"CUW","Curacao",1968,20049,39877,27250,53675,6962,147813,59926,87176,80925,6962,0.405417656092495,0.58977221218702,0.547482291814658,0.047100052092847
"CUW","Curacao",1972,18071,41223,30236,55961,7803,153294,59294,89530,86197,7803,0.386799222409227,0.584041123592574,0.562298589638212,0.0509021879525617
"CUW","Curacao",1976,16307,38036,33514,58963,8815,155635,54343,87857,92477,8815,0.349169531275099,0.564506698364764,0.594191537893147,0.0566389308317538
"CUW","Curacao",1980,15453,33570,35021,63312,9309,156665,49023,84044,98333,9309,0.312916094852073,0.536456770816711,0.627664124086426,0.0594197810615007
"CUW","Curacao",1984,15438,29766,33008,68845,9740,156797,45204,78212,101853,9740,0.288296332200233,0.498810563977627,0.649585132368604,0.0621185354311626
"CUW","Curacao",1988,15674,27988,28189,74046,10362,156259,43662,71851,102235,10362,0.279420705367371,0.459819914372932,0.654266314260299,0.0663129803723305
"CUW","Curacao",1992,15434,27643,23413,77569,11042,155101,43077,66490,100982,11042,0.277735153222739,0.428688403040599,0.651072526934062,0.0711923198431989
"CUW","Curacao",1996,14623,27227,20036,77690,12005,151581,41850,61886,97726,12005,0.276090011281097,0.408270165785949,0.6447114084219,0.0791985802970029
"CUW","Curacao",2000,12449,26179,18431,75181,13299,145539,38628,57059,93612,13299,0.265413394347907,0.392052989233127,0.643209036753035,0.091377568899058
"CUW","Curacao",2004,11010,25459,19753,78610,14972,149804,36469,56222,98363,14972,0.243444767829964,0.375303730207471,0.656611305439107,0.0999439267309284
"CUW","Curacao",2008,10158,23389,20623,83373,17239,154782,33547,54170,103996,17239,0.21673708829192,0.349976095411611,0.671886911914822,0.111375999793258
"CUW","Curacao",2012,10217,21037,21409,87684,20555,160902,31254,52663,109093,20555,0.194242458142223,0.327298604119278,0.678008974406782,0.127748567450995
"CUW","Curacao",2016,10577,20478,23867,88781,24080,167783,31055,54922,112648,24080,0.185090265402335,0.327339480161876,0.671391022928425,0.143518711669239
"CUW","Curacao",2020,8734,21462,26291,100918,27617,185022,30196,56487,127209,27617,0.163202213790792,0.305298829328404,0.687534455362065,0.149263330847142
"CYM","Cayman Islands",1952,1017,1401,1331,3022,510,7281,2418,3749,4353,510,0.332097239390194,0.514901799203406,0.597857437165225,0.0700453234445818
"CYM","Cayman Islands",1956,1168,1546,1397,3193,561,7865,2714,4111,4590,561,0.345073108709472,0.52269548633185,0.583598219961856,0.0713286713286713
"CYM","Cayman Islands",1960,1223,1835,1368,3425,598,8449,3058,4426,4793,598,0.361936323825305,0.523848976210202,0.56728606935732,0.0707776068173748
"CYM","Cayman Islands",1964,1424,2140,1379,3631,616,9190,3564,4943,5010,616,0.387812840043526,0.537867247007617,0.545157780195865,0.0670293797606094
"CYM","Cayman Islands",1968,1432,2504,1555,3818,684,9993,3936,5491,5373,684,0.393875712999099,0.549484639247473,0.537676373461423,0.0684479135394776
"CYM","Cayman Islands",1972,1545,2818,2132,4515,776,11786,4363,6495,6647,776,0.370184965212965,0.55107754963516,0.563974206685898,0.0658408281011369
"CYM","Cayman Islands",1976,1684,3095,2813,5974,911,14477,4779,7592,8787,911,0.330109829384541,0.524418042412102,0.606962768529391,0.0629274020860675
"CYM","Cayman Islands",1980,1502,3402,3323,7725,1150,17102,4904,8227,11048,1150,0.28675008770904,0.481054847386271,0.646006315050871,0.0672435972400889
"CYM","Cayman Islands",1984,1835,3523,4146,9694,1282,20480,5358,9504,13840,1282,0.26162109375,0.4640625,0.67578125,0.06259765625
"CYM","Cayman Islands",1988,1988,3631,4382,12481,1487,23969,5619,10001,16863,1487,0.23442780257833,0.417247277733739,0.703533731069298,0.0620384663523718
"CYM","Cayman Islands",1992,2268,3835,5119,15747,1673,28642,6103,11222,20866,1673,0.213078695621814,0.391802248446338,0.728510578870191,0.0584107255079953
"CYM","Cayman Islands",1996,2724,4196,5135,20231,1882,34168,6920,12055,25366,1882,0.202528681807539,0.352815499882931,0.742390540856942,0.0550807773355186
"CYM","Cayman Islands",2000,2798,4981,4635,25068,2217,39699,7779,12414,29703,2217,0.195949520139046,0.312703090757954,0.748205244464596,0.0558452353963576
"CYM","Cayman Islands",2004,3213,5549,6046,28086,2478,45372,8762,14808,34132,2478,0.19311469628846,0.326368685532928,0.752270122542537,0.0546151811690029
"CYM","Cayman Islands",2008,3514,5941,6175,32819,2725,51174,9455,15630,38994,2725,0.184761793098058,0.305428537929417,0.761988509790128,0.0532496971118146
"CYM","Cayman Islands",2012,3902,6460,6627,36944,3221,57154,10362,16989,43571,3221,0.181299646568919,0.297249536340414,0.762343842950625,0.0563565104804563
"CYM","Cayman Islands",2016,3941,7068,7698,40379,4034,63120,11009,18707,48077,4034,0.17441381495564,0.296371989860583,0.761676172370089,0.0639100126742712
"CYM","Cayman Islands",2020,3747,7570,7131,45131,5121,68700,11317,18448,52262,5121,0.164730713245997,0.268529839883552,0.760727802037846,0.0745414847161572
"CYP","Cyprus",1952,68142,107003,89868,213327,30353,508693,175145,265013,303195,30353,0.344303931841012,0.520968442655983,0.596027466467988,0.0596686016910003
"CYP","Cyprus",1956,69517,119978,93789,226684,33113,543081,189495,283284,320473,33113,0.34892585083993,0.521623846166594,0.590101660709913,0.0609724884501575
"CYP","Cyprus",1960,77151,136891,98058,240168,34213,586481,214042,312100,338226,34213,0.364959819670202,0.532157051976108,0.576704104651302,0.058336075678496
"CYP","Cyprus",1964,70433,141006,107113,253236,40724,612512,211439,318552,360349,40724,0.345199767514759,0.5200747087404,0.588313371819654,0.066486860665587
"CYP","Cyprus",1968,65481,141419,118398,261425,48431,635154,206900,325298,379823,48431,0.325747771406619,0.512156107022864,0.59800142957456,0.0762507990188206
"CYP","Cyprus",1972,67269,136465,126231,272569,58532,661066,203734,329965,398800,58532,0.308190105072716,0.499140781707122,0.603268054929462,0.0885418399978217
"CYP","Cyprus",1976,59716,130986,131243,278384,61711,662040,190702,321945,409627,61711,0.28805208144523,0.486292369041146,0.61873451755181,0.0932134010029605
"CYP","Cyprus",1980,59186,115093,135639,307711,65445,683074,174279,309918,443350,65445,0.255139267487856,0.45371072533869,0.649051200894779,0.095809531617365
"CYP","Cyprus",1984,67733,113082,128403,341086,69022,719326,180815,309218,469489,69022,0.251367252122125,0.429871852261701,0.652679035652819,0.0959537122250551
"CYP","Cyprus",1988,70779,121435,129891,370830,73278,766213,192214,322105,500721,73278,0.250862358117129,0.420385715199298,0.653501049969134,0.0956365919137368
"CYP","Cyprus",1992,69446,129553,132778,398964,79579,810320,198999,331777,531742,79579,0.245580758218975,0.409439480698983,0.656212360548919,0.0982068812321058
"CYP","Cyprus",1996,71702,142229,141861,438726,85741,880259,213931,355792,580587,85741,0.243031880389749,0.404190130404801,0.659563832917357,0.0974042866928938
"CYP","Cyprus",2000,66689,144459,164059,478214,94211,947632,211148,375207,642273,94211,0.222816451956034,0.395941673561045,0.6777662636973,0.0994172843466662
"CYP","Cyprus",2004,61352,147171,176448,528824,104032,1017827,208523,384971,705272,104032,0.204870768804522,0.378228323673866,0.692919327154811,0.102209904040667
"CYP","Cyprus",2008,61470,135447,192493,583148,118400,1090958,196917,389410,775641,118400,0.1804991576211,0.356943163714827,0.710972374738533,0.108528467640367
"CYP","Cyprus",2012,64780,126304,186335,650715,137185,1165319,191084,377419,837050,137185,0.163975701074126,0.323876123190302,0.718301169036118,0.117723129889756
"CYP","Cyprus",2016,69392,127839,162781,719609,157378,1236999,197231,360012,882390,157378,0.159443136170684,0.291036613610844,0.713331215304135,0.127225648525181
"CYP","Cyprus",2020,72348,135351,146575,770725,177134,1302133,207699,354274,917300,177134,0.159506747774613,0.272072054083569,0.704459529095722,0.136033723129665
"CZE","Czechia",1952,880834,1413410,1248147,4768853,765946,9077190,2294244,3542391,6017000,765946,0.252748262402792,0.390251939201449,0.662870337626512,0.0843813999706958
"CZE","Czechia",1956,830407,1644970,1180762,4882359,819504,9358002,2475377,3656139,6063121,819504,0.264519819508481,0.390696539710079,0.64790764096866,0.0875725395228597
"CZE","Czechia",1960,720781,1724248,1291963,4909493,895092,9541577,2445029,3736992,6201456,895092,0.256249988864524,0.391653497110593,0.649940361011602,0.0938096501238737
"CZE","Czechia",1964,670537,1604388,1545315,4844271,1004201,9668712,2274925,3820240,6389586,1004201,0.235287285421264,0.395113640782764,0.660851828040798,0.103860886537938
"CZE","Czechia",1968,706346,1434183,1688677,4808787,1137073,9775066,2140529,3829206,6497464,1137073,0.218978470324395,0.391731984213713,0.664697711503943,0.116323818171662
"CZE","Czechia",1972,716869,1362439,1666275,4874727,1237704,9858014,2079308,3745583,6541002,1237704,0.210925648918738,0.3799531021157,0.663521273148932,0.12555307793233
"CZE","Czechia",1976,884171,1392800,1499718,4978343,1337839,10092871,2276971,3776689,6478061,1337839,0.22560191247862,0.374193725452351,0.641845219264172,0.132552868257208
"CZE","Czechia",1980,877103,1531935,1391433,5093551,1381309,10275331,2409038,3800471,6484984,1381309,0.234448700484685,0.369863608286682,0.631121664109896,0.134429635405419
"CZE","Czechia",1984,720711,1698489,1349436,5309118,1225981,10303735,2419200,3768636,6658554,1225981,0.234788647029451,0.365754359948116,0.646227217606043,0.118984135364506
"CZE","Czechia",1988,661426,1664378,1445317,5268614,1265619,10305354,2325804,3771121,6713931,1265619,0.225688899187743,0.365938035704547,0.651499308029593,0.122811792782664
"CZE","Czechia",1992,636552,1458274,1613739,5286366,1317411,10312342,2094826,3708565,6900105,1317411,0.203137754740873,0.359623934117003,0.669111342505902,0.127750902753225
"CZE","Czechia",1996,550304,1321956,1707401,5344675,1371665,10296001,1872260,3579661,7052076,1371665,0.181843416681875,0.347674888531965,0.684933499909334,0.133223083408791
"CZE","Czechia",2000,449886,1235236,1562301,5580699,1408500,10236622,1685122,3247423,7143000,1408500,0.164616999631324,0.317235802982664,0.697788782276028,0.137594218092648
"CZE","Czechia",2004,458970,1080908,1401726,5891299,1428297,10261200,1539878,2941604,7293025,1428297,0.15006802323315,0.286672513935992,0.710738022843332,0.139193953923518
"CZE","Czechia",2008,529449,945171,1334910,6034662,1533742,10377934,1474620,2809530,7369572,1533742,0.142091865298045,0.270721513549807,0.710119374434256,0.147788760267699
"CZE","Czechia",2012,585396,965433,1192006,6030787,1733189,10506811,1550829,2742835,7222793,1733189,0.147602255337038,0.261053044544153,0.687439128770852,0.16495861589211
"CZE","Czechia",2016,547521,1079103,1039303,5907583,1957922,10531432,1626624,2665927,6946886,1957922,0.154454209076221,0.253140028820392,0.65963356170367,0.18591222922011
"CZE","Czechia",2020,562592,1125726,964564,5756207,2140468,10549557,1688318,2652882,6720771,2140468,0.160036862211371,0.251468568774973,0.637066655974275,0.202896481814355
"DEU","Germany",1952,5358560,10807522,10675817,36310817,6673931,69826647,16166082,26841899,46986634,6673931,0.231517374735178,0.384407674623128,0.672904056240879,0.095578569023943
"DEU","Germany",1956,5274923,9609653,11447317,36854601,7427293,70613787,14884576,26331893,48301918,7427293,0.210788524909449,0.372900167498452,0.684029564934678,0.105181910155874
"DEU","Germany",1960,5699918,9797422,11502147,37456661,8355329,72811477,15497340,26999487,48958808,8355329,0.212841994676196,0.370813615001932,0.672405093499202,0.114752911824601
"DEU","Germany",1964,6341273,10689018,10239160,38785553,9258219,75313223,17030291,27269451,49024713,9258219,0.226126174416941,0.362080520707499,0.65094429699284,0.122929528590218
"DEU","Germany",1968,6372815,11615772,9747396,39307075,10277828,77320886,17988587,27735983,49054471,10277828,0.232648485171264,0.358712689867522,0.63442717146309,0.132924343365646
"DEU","Germany",1972,5376672,12547644,10782526,38910358,11102193,78719393,17924316,28706842,49692884,11102193,0.227698859415748,0.364673060931758,0.631266097288123,0.141035043296129
"DEU","Germany",1976,4109308,12283351,11519457,38648270,11803320,78363706,16392659,27912116,50167727,11803320,0.209186877915141,0.356186778608965,0.64019084293946,0.150622279145399
"DEU","Germany",1980,4009422,10447087,12612559,39031791,12213365,78314224,14456509,27069068,51644350,12213365,0.184596210772643,0.345646890403971,0.659450446703015,0.155953342524341
"DEU","Germany",1984,4173212,8606651,13002331,40947550,11266920,77996664,12779863,25782194,53949881,11266920,0.16385140523446,0.330555086304717,0.691694724276925,0.144453870488615
"DEU","Germany",1988,4206379,8078522,11836261,42578471,11684156,78383789,12284901,24121162,54414732,11684156,0.156727572840348,0.307731513208681,0.694209002833481,0.14906342432617
"DEU","Germany",1992,4486919,8722606,10181435,45445971,12094966,80931897,13209525,23390960,55627406,12094966,0.163217785442494,0.289020285784232,0.687335995596396,0.14944621896111
"DEU","Germany",1996,4061213,9226598,9181391,47009583,12780330,82259115,13287811,22469202,56190974,12780330,0.161536031599659,0.273151516400341,0.683097234877861,0.15536673352248
"DEU","Germany",2000,3978047,8826166,9161564,46367053,13458858,81791688,12804213,21965777,55528617,13458858,0.15654662855228,0.268557570299808,0.678902934488893,0.164550436958826
"DEU","Germany",2004,3771953,8340013,9627652,45358195,14987239,82085052,12111966,21739618,54985847,14987239,0.147553856699756,0.264842592778037,0.669864313419695,0.182581829880549
"DEU","Germany",2008,3470003,7758195,9238415,44188967,16444614,81100194,11228198,20466613,53427382,16444614,0.138448472761976,0.252362072031542,0.658782419188788,0.202769108049236
"DEU","Germany",2012,3453992,7381364,8973167,44408627,16685945,80903095,10835356,19808523,53381794,16685945,0.133930055457087,0.244842586059285,0.659823879420188,0.206246065122725
"DEU","Germany",2016,3704821,7324200,8810403,45429332,17479178,82747934,11029021,19839424,54239735,17479178,0.133284548228117,0.239757333397593,0.655481440781349,0.211234010990534
"DEU","Germany",2020,3988016,7520739,8551470,45300021,18256082,83616328,11508755,20060225,53851491,18256082,0.137637651344843,0.239907987827449,0.644030804605531,0.218331544049626
"DJI","Djibouti",1952,12120,18323,12951,21597,1380,66371,30443,43394,34548,1380,0.458679242440222,0.65380964577903,0.520528544093053,0.0207922134667249
"DJI","Djibouti",1956,13087,20779,14873,24982,1682,75403,33866,48739,39855,1682,0.449133323607814,0.646380117501956,0.528559871623145,0.022306804769041
"DJI","Djibouti",1960,15291,22713,17152,28856,2028,86040,38004,55156,46008,2028,0.441701534170153,0.641050674105067,0.534728033472803,0.0235704323570432
"DJI","Djibouti",1964,18762,26159,20899,34854,2540,103214,44921,65820,55753,2540,0.435221966012363,0.637704187416436,0.540168969325867,0.0246090646617707
"DJI","Djibouti",1968,23765,32995,24840,43406,3258,128264,56760,81600,68246,3258,0.442524792615231,0.636187862533525,0.532074471402732,0.025400735982037
"DJI","Djibouti",1972,31126,43762,30621,56417,4342,166268,74888,105509,87038,4342,0.450405369644189,0.634571895975173,0.523480164553612,0.0261144658021989
"DJI","Djibouti",1976,42784,62193,41478,78094,6198,230747,104977,146455,119572,6198,0.45494415962071,0.634699476049526,0.518195252809354,0.0268605875699359
"DJI","Djibouti",1980,58734,89447,60021,108622,8998,325822,148181,208202,168643,8998,0.45479126639699,0.639005346477524,0.517592427767309,0.0276163058357017
"DJI","Djibouti",1984,66956,105818,73133,127208,10957,384072,172774,245907,200341,10957,0.449847945176946,0.640262763231894,0.521623549751088,0.0285285050719657
"DJI","Djibouti",1988,82368,131699,95350,160834,14280,484531,214067,309417,256184,14280,0.441802485289899,0.638590719685634,0.528725716208044,0.0294717985020566
"DJI","Djibouti",1992,103900,167299,125782,209991,19044,626016,271199,396981,335773,19044,0.433214167050043,0.63413874405766,0.53636488524255,0.0304209477074068
"DJI","Djibouti",1996,102599,170823,131553,222970,20409,648354,273422,404975,354523,20409,0.42171714834797,0.624620192055575,0.546804677691508,0.0314781739605216
"DJI","Djibouti",2000,109058,186634,152956,275025,23653,747326,295692,448648,427981,23653,0.395666683615986,0.600337737480029,0.57268313962046,0.0316501767635543
"DJI","Djibouti",2004,119520,198920,162851,317512,27330,826133,318440,481291,480363,27330,0.385458515759569,0.58258294971875,0.581459643907216,0.0330818403332151
"DJI","Djibouti",2008,118851,213608,174200,354582,31497,892738,332459,506659,528782,31497,0.372403773559544,0.567533811711835,0.592314878497387,0.0352813479430695
"DJI","Djibouti",2012,115939,227429,188729,397555,37101,966753,343368,532097,586284,37101,0.355176554921474,0.550396016355781,0.606446527706663,0.0383769173718623
"DJI","Djibouti",2016,114954,232088,203503,443525,43589,1037659,347042,550545,647028,43589,0.334447058233967,0.530564472529029,0.62354588549803,0.0420070562680033
"DJI","Djibouti",2020,114335,228369,219557,493473,49457,1105191,342704,562261,713030,49457,0.310085767980376,0.508745547149769,0.645164500977659,0.0447497310419647
"DMA","Dominica",1952,7965,13740,8342,17284,3530,50861,21705,30047,25626,3530,0.426751341892609,0.590766992391026,0.50384380959871,0.0694048485086805
"DMA","Dominica",1956,9146,13817,9367,18461,3215,54006,22963,32330,27828,3215,0.42519349701885,0.598637188460541,0.515276080435507,0.0595304225456431
"DMA","Dominica",1960,11163,15390,9795,19797,3241,59386,26553,36348,29592,3241,0.44712558515475,0.612063449297814,0.49829926245243,0.0545751523928199
"DMA","Dominica",1964,11395,17380,9987,20375,3465,62602,28775,38762,30362,3465,0.459649851442446,0.619181495798856,0.485000479217916,0.0553496693396377
"DMA","Dominica",1968,12151,19940,10956,19877,3827,66751,32091,43047,30833,3827,0.480756842594118,0.644889215142844,0.461910682986023,0.0573324744198589
"DMA","Dominica",1972,11335,21813,12696,20067,4161,70072,33148,45844,32763,4161,0.473056284964037,0.654241351752483,0.467561936294097,0.0593817787418655
"DMA","Dominica",1976,9830,21930,14491,21218,4567,72036,31760,46251,35709,4567,0.440890665778222,0.642053973013493,0.495710478094286,0.0633988561274918
"DMA","Dominica",1980,8537,21241,16142,22036,5145,73101,29778,45920,38178,5145,0.407354208560758,0.628171981231447,0.522263717322608,0.0703820741166332
"DMA","Dominica",1984,7991,17821,16852,23766,5644,72074,25812,42664,40618,5644,0.358131919971141,0.591947165413325,0.5635596747787,0.0783084052501596
"DMA","Dominica",1988,8156,15310,15828,25284,6049,70627,23466,39294,41112,6049,0.332252537981225,0.556359465926629,0.582100329902162,0.0856471321166126
"DMA","Dominica",1992,7800,15107,13717,26416,6302,69342,22907,36624,40133,6302,0.330348129560728,0.52816474863719,0.578769000028843,0.0908828704104295
"DMA","Dominica",1996,7522,14632,11854,29074,6336,69418,22154,34008,40928,6336,0.319139128180011,0.489901754588147,0.589587715001873,0.0912731568181163
"DMA","Dominica",2000,6441,14091,10988,30238,6767,68525,20532,31520,41226,6767,0.299627873039037,0.459978110178767,0.601619846771251,0.0987522801897118
"DMA","Dominica",2004,5588,13244,11812,30972,7045,68661,18832,30644,42784,7045,0.274275061534204,0.446308675958696,0.623119383638456,0.10260555482734
"DMA","Dominica",2008,5162,11873,11992,32445,7391,68863,17035,29027,44437,7391,0.24737522326939,0.421518086635784,0.645295732105775,0.107329044624835
"DMA","Dominica",2012,4854,10788,12054,33967,7468,69131,15642,27696,46021,7468,0.226266074554107,0.400630686667342,0.665707135727821,0.108026789718071
"DMA","Dominica",2016,4524,9922,11843,35973,7359,69621,14446,26289,47816,7359,0.207494865055084,0.377601585728444,0.686804268826934,0.105700866117982
"DMA","Dominica",2020,3894,8843,9557,37053,8235,67582,12737,22294,46610,8235,0.188467343375455,0.329880737474475,0.689680684205854,0.121851972418691
"DNK","Denmark",1952,391344,755335,586637,2194284,404612,4332212,1146679,1733316,2780921,404612,0.264686723549078,0.400099533448502,0.641917108396357,0.0933961680545643
"DNK","Denmark",1956,373336,811764,602313,2235198,443704,4466315,1185100,1787413,2837511,443704,0.265341786237648,0.400198597725418,0.635313675815521,0.0993445379468309
"DNK","Denmark",1960,367040,787313,683989,2256041,484931,4579314,1154353,1838342,2940030,484931,0.252079896683215,0.401444845232277,0.642024111034972,0.105895992281813
"DNK","Denmark",1964,382940,742047,779720,2285982,531164,4721853,1124987,1904707,3065702,531164,0.23825116961498,0.403381257315719,0.649258246709501,0.112490583675519
"DNK","Denmark",1968,409192,744535,802997,2330594,577432,4864750,1153727,1956724,3133591,577432,0.237160594069582,0.402224985867722,0.644142247803073,0.118697158127345
"DNK","Denmark",1972,366666,781965,762216,2447698,632947,4991492,1148631,1910847,3209914,632947,0.2301177683947,0.3828208078867,0.643077059925169,0.126805171680131
"DNK","Denmark",1976,357895,778952,742735,2502439,690669,5072690,1136847,1879582,3245174,690669,0.224111270351628,0.370529640092338,0.639734342134055,0.136154387514317
"DNK","Denmark",1980,313959,754191,767180,2549590,738001,5122921,1068150,1835330,3316770,738001,0.208504093660628,0.358258501351085,0.647437272602876,0.144058633736495
"DNK","Denmark",1984,269885,690157,790421,2597330,763811,5111604,960042,1750463,3387751,763811,0.187816192334148,0.342448867322273,0.662756935005137,0.149426872660715
"DNK","Denmark",1988,274116,621165,785395,2655338,793325,5129339,895281,1680676,3440733,793325,0.174541203067296,0.327659372874361,0.670794618955776,0.154664177976928
"DNK","Denmark",1992,311871,566867,730280,2758648,803321,5170987,878738,1609018,3488928,803321,0.169936223007329,0.311162646512165,0.674712197110532,0.155351579882139
"DNK","Denmark",1996,344998,583297,684268,2856191,793863,5262617,928295,1612563,3540459,793863,0.176394178029676,0.306418460625198,0.672756349170004,0.15084947280032
"DNK","Denmark",2000,339089,648730,613239,2947376,790686,5339120,987819,1601058,3560615,790686,0.185015320876849,0.299873012781132,0.66689173496756,0.148092944155591
"DNK","Denmark",2004,329208,688642,595318,2982737,808027,5403932,1017850,1613168,3578055,808027,0.18835359142195,0.29851744988649,0.662120655848371,0.149525752729679
"DNK","Denmark",2008,326260,682719,648326,2971970,863672,5492947,1008979,1657305,3620296,863672,0.183686279878542,0.301715090278497,0.6590808176376,0.157232902483858
"DNK","Denmark",2012,316068,665935,712222,2913312,983366,5590903,982003,1694225,3625534,983366,0.175643004359045,0.303032443954045,0.648470202398432,0.175886793242523
"DNK","Denmark",2016,296394,664507,739189,2943041,1083957,5727088,960901,1700090,3682230,1083957,0.167781776707465,0.296850685723705,0.642949785301012,0.189268437991524
"DNK","Denmark",2020,308856,642060,721257,2993004,1165140,5830317,950916,1672173,3714261,1165140,0.163098507336737,0.286806532131958,0.637059871701659,0.199841620961605
"DOM","Dominican Republic",1952,491212,667916,504345,793995,67581,2525049,1159128,1663473,1298340,67581,0.459051685729663,0.658788403710185,0.514184081180207,0.0267642330901301
"DOM","Dominican Republic",1956,582803,765826,557763,888529,75109,2870030,1348629,1906392,1446292,75109,0.469900663059271,0.664241140336512,0.503929227220621,0.0261701097201075
"DOM","Dominican Republic",1960,668501,919439,600133,995209,85055,3268337,1587940,2188073,1595342,85055,0.485855650748378,0.669475944494096,0.48812041108368,0.0260239381679429
"DOM","Dominican Republic",1964,732030,1092858,667812,1108327,97531,3698558,1824888,2492700,1776139,97531,0.493405267674591,0.673965367043048,0.480224725420015,0.0263700069053939
"DOM","Dominican Republic",1968,774935,1258660,791741,1219478,112372,4157186,2033595,2825336,2011219,112372,0.489175851164706,0.679627036173027,0.483793364068868,0.0270307847664261
"DOM","Dominican Republic",1972,808707,1390265,961194,1361794,129923,4651883,2198972,3160166,2322988,129923,0.472705783872896,0.679330499068872,0.499365095811739,0.0279291203153648
"DOM","Dominican Republic",1976,856680,1487124,1134334,1551952,150300,5180390,2343804,3478138,2686286,150300,0.45243775082571,0.671404662583319,0.51854898955484,0.0290132596194495
"DOM","Dominican Republic",1980,895642,1579258,1281834,1798800,173482,5729016,2474900,3756734,3080634,173482,0.431993906108833,0.655738088355836,0.537724803002819,0.030281290888348
"DOM","Dominican Republic",1984,933610,1671360,1389944,2093803,200279,6288996,2604970,3994914,3483747,200279,0.414210789766761,0.635222855921676,0.553943268528077,0.0318459417051625
"DOM","Dominican Republic",1988,969646,1758442,1476140,2418708,232701,6855637,2728088,4204228,3894848,232701,0.397933554533299,0.613251255864335,0.568123428938843,0.0339430165278588
"DOM","Dominican Republic",1992,1022130,1835563,1562264,2755781,271553,7447291,2857693,4419957,4318045,271553,0.383722483786386,0.5934986292331,0.579814190153171,0.0364633260604426
"DOM","Dominican Republic",1996,1044425,1924661,1651124,3095778,316592,8032580,2969086,4620210,4746902,316592,0.369630430073526,0.57518381391782,0.590956081358667,0.0394134885678076
"DOM","Dominican Republic",2000,1026444,2005428,1730292,3454051,367491,8583706,3031872,4762164,5184343,367491,0.35321247023139,0.554791135670304,0.603974903147894,0.042812626620716
"DOM","Dominican Republic",2004,1032105,2037163,1802934,3809290,422702,9104194,3069268,4872202,5612224,422702,0.337126823088348,0.535160169038577,0.616443806008528,0.0464293709031244
"DOM","Dominican Republic",2008,999191,2035705,1890225,4176960,470165,9572246,3034896,4925121,6067185,470165,0.317051609413298,0.514520938972943,0.633830868951759,0.0491175216349434
"DOM","Dominican Republic",2012,1033847,2001609,1954008,4548671,531171,10069306,3035456,4989464,6502679,531171,0.301456326781607,0.495512203125022,0.645792172767418,0.0527515004509745
"DOM","Dominican Republic",2016,1036458,2006416,1963434,4919498,624293,10550099,3042874,5006308,6882932,624293,0.28842136931606,0.474527111072607,0.652404494024179,0.0591741366597603
"DOM","Dominican Republic",2020,1024585,2022794,1949707,5261551,748274,11006911,3047379,4997086,7211258,748274,0.276860510637362,0.453995312581341,0.655157291632502,0.0679821977301352
"DZA","Algeria",1952,1670316,2262737,1856986,3407208,323751,9520998,3933053,5790039,5264194,323751,0.41309251404107,0.608133622126588,0.552903592669592,0.0340038932893379
"DZA","Algeria",1956,1972798,2555841,1947450,3663825,342165,10482079,4528639,6476089,5611275,342165,0.432036335539925,0.617824860888761,0.535320808019096,0.0326428564409789
"DZA","Algeria",1960,2154766,3047757,2001349,3864275,356725,11424872,5202523,7203872,5865624,356725,0.455368165175067,0.630542906738911,0.513408290263558,0.0312235445613745
"DZA","Algeria",1964,2368296,3338242,2034311,3974313,464617,12179779,5706538,7740849,6008624,464617,0.468525578337669,0.6355492164513,0.493327834601925,0.0381465870604056
"DZA","Algeria",1968,2443469,3765200,2317529,4146465,499924,13172587,6208669,8526198,6463994,499924,0.471332548420443,0.6472683004485,0.490715605066795,0.0379518465127617
"DZA","Algeria",1972,2587157,4168630,2781139,4381886,508244,14427056,6755787,9536926,7163025,508244,0.468272043859815,0.66104449861427,0.496499424414794,0.0352285317253915
"DZA","Algeria",1976,3051912,4686790,3190117,4930126,550204,16409149,7738702,10928819,8120243,550204,0.471608978625278,0.666019852705341,0.494860702404494,0.0335303189702281
"DZA","Algeria",1980,3292536,5354287,3705714,5650785,603826,18607148,8646823,12352537,9356499,603826,0.464704370599944,0.663859770449507,0.502844337025749,0.0324512923743069
"DZA","Algeria",1984,3674285,5906300,4349672,6656064,685592,21271913,9580585,13930257,11005736,685592,0.45038662014084,0.654866207848819,0.517383462408858,0.0322299174503017
"DZA","Algeria",1988,3856655,6544363,5016341,7918211,773878,24109448,10401018,15417359,12934552,773878,0.431408383966319,0.63947374489868,0.536493079393605,0.0320985366400757
"DZA","Algeria",1992,3698589,7211990,5566757,9265414,885740,26628490,10910579,16477336,14832171,885740,0.409733296931219,0.618785969463533,0.55700383311258,0.033262869956201
"DZA","Algeria",1996,3481567,7605234,6252228,10557377,1136551,29032957,11086801,17339029,16809605,1136551,0.38186950781486,0.597218843399244,0.578983566847841,0.0391469253372986
"DZA","Algeria",2000,3045059,7371240,7077909,12055131,1354447,30903786,10416299,17494208,19133040,1354447,0.337055757504922,0.566086239401218,0.619116376226524,0.0438278662685536
"DZA","Algeria",2004,2968684,6724942,7532486,13870774,1531247,32628133,9693626,17226112,21403260,1531247,0.297094105874829,0.527952733305335,0.655975626922938,0.0469302672022331
"DZA","Algeria",2008,3504798,6132270,7461977,16020309,1697391,34816745,9637068,17099045,23482286,1697391,0.276794054125393,0.491115553737146,0.674453800893794,0.0487521449808131
"DZA","Algeria",2012,4249253,6184613,7028903,18322829,1860283,37645881,10433866,17462769,25351732,1860283,0.277158236780274,0.463869314148871,0.673426450027826,0.0494153131919001
"DZA","Algeria",2016,4859447,7191569,6321664,20302366,2175191,40850237,12051016,18372680,26624030,2175191,0.29500480009455,0.449756998961842,0.651747259140749,0.0532479407647011
"DZA","Algeria",2020,5014113,8569552,5982307,21880241,2595365,44041578,13583665,19565972,27862548,2595365,0.308428208453385,0.444261375012494,0.632641909424771,0.058929882121844
"ECU","Ecuador",1952,643227,892431,645090,1333951,187488,3702187,1535658,2180748,1979041,187488,0.414797523733944,0.589043179072262,0.53455997765645,0.0506424986096056
"ECU","Ecuador",1956,720894,1044225,716596,1433088,199648,4114451,1765119,2481715,2149684,199648,0.429004744496896,0.603170386523014,0.522471649316033,0.0485236061870709
"ECU","Ecuador",1960,804756,1210645,810099,1554368,211000,4590868,2015401,2825500,2364467,211000,0.439002166910484,0.615460954224778,0.515037025677933,0.0459608074115832
"ECU","Ecuador",1964,902971,1384117,937605,1703690,221533,5149916,2287088,3224693,2641295,221533,0.444102000887005,0.626164193746073,0.512881180974602,0.0430168181383929
"ECU","Ecuador",1968,1011176,1560443,1100641,1892112,235309,5799681,2571619,3672260,2992753,235309,0.443406973590444,0.63318310093262,0.516020277666996,0.0405727487425602
"ECU","Ecuador",1972,1115626,1761563,1275204,2124409,252229,6529031,2877189,4152393,3399613,252229,0.440676265742956,0.635989168990008,0.52069181475781,0.0386319194992335
"ECU","Ecuador",1976,1204093,1975876,1444360,2424234,272336,7320899,3179969,4624329,3868594,272336,0.4343686478942,0.631661357437113,0.528431549185421,0.037199802920379
"ECU","Ecuador",1980,1281224,2181990,1634183,2771052,297413,8165862,3463214,5097397,4405235,297413,0.424108808108685,0.624232567241523,0.539469684890585,0.0364215070007306
"ECU","Ecuador",1984,1361038,2365622,1844841,3179814,323441,9074756,3726660,5571501,5024655,323441,0.41066228116767,0.613956011599651,0.553695878985617,0.0356418398467132
"ECU","Ecuador",1988,1419526,2533218,2054938,3644498,358596,10010776,3952744,6007682,5699436,358596,0.394848910813707,0.600121509061835,0.569330089895129,0.0358209992911638
"ECU","Ecuador",1992,1478239,2681994,2226537,4122685,420637,10930092,4160233,6386770,6349222,420637,0.380621956338519,0.584329024860907,0.58089373813139,0.0384843055300907
"ECU","Ecuador",1996,1537020,2806175,2366710,4594441,506532,11810878,4343195,6709905,6961151,506532,0.367728377179072,0.568112294445849,0.589384718053984,0.0428869047669445
"ECU","Ecuador",2000,1571443,2918996,2514329,5086965,597335,12689068,4490439,7004768,7601294,597335,0.353882491606161,0.552031717380662,0.599042735053512,0.0470747733403273
"ECU","Ecuador",2004,1576824,3035430,2658050,5642738,695431,13608473,4612254,7270304,8300788,695431,0.338925168165451,0.534248331903219,0.609972037274131,0.0511027945604184
"ECU","Ecuador",2008,1583575,3101235,2808439,6270074,811562,14574885,4684810,7493249,9078513,811562,0.321430323463959,0.514120625994648,0.622887453314383,0.0556822232216584
"ECU","Ecuador",2012,1619632,3132497,2935570,6933433,950621,15571753,4752129,7687699,9869003,950621,0.305176238025353,0.493695154296372,0.633775978850936,0.0610477831237113
"ECU","Ecuador",2016,1529857,3174454,3053650,7620585,1126135,16504681,4704311,7757961,10674235,1126135,0.28502889574176,0.470046103890163,0.646739855196232,0.0682312490620085
"ECU","Ecuador",2020,1464049,3167033,3156237,8431949,1326117,17545385,4631082,7787319,11588186,1326117,0.263948724978107,0.443838593453492,0.660469177507362,0.0755820975145316
"EGY","Egypt",1952,3927154,4720845,4151362,8615815,689743,22104919,8647999,12799361,12767177,689743,0.391225093383061,0.579027726815013,0.577571761289874,0.031203145327065
"EGY","Egypt",1956,4343203,5612933,4153571,9444283,833335,24387325,9956136,14109707,13597854,833335,0.408250433370614,0.578567227032895,0.557578742235977,0.0341708243934093
"EGY","Egypt",1960,4662804,6720701,4235610,10298560,978772,26896447,11383505,15619115,14534170,978772,0.423234526106738,0.58071294695541,0.5403750911784,0.0363903827148619
"EGY","Egypt",1964,4994647,7589320,4970213,11174399,1130266,29858845,12583967,17554180,16144612,1130266,0.421448552346884,0.587905526821282,0.540697806629828,0.0378536410232881
"EGY","Egypt",1968,5352204,8412580,6010852,11939571,1283052,32998259,13764784,19775636,17950423,1283052,0.417136673786335,0.599293314232124,0.543980911235347,0.0388824149783175
"EGY","Egypt",1972,5811492,9133089,6948141,12928549,1436998,36258269,14944581,21892722,19876690,1436998,0.41217028314286,0.603799425725481,0.548197433253088,0.0396322836040518
"EGY","Egypt",1976,6389687,9950424,7723912,14138518,1592950,39795491,16340111,24064023,21862430,1592950,0.410602070470748,0.604692199927876,0.549369525306271,0.0400284042229809
"EGY","Egypt",1980,7159721,10952604,8476529,15611185,1750326,43950365,18112325,26588854,24087714,1750326,0.412108636640447,0.604974588948237,0.54806630161092,0.0398250617486339
"EGY","Egypt",1984,7985938,12329707,9379699,17611736,1940120,49247200,20315645,29695344,26991435,1940120,0.412523859224484,0.6029854286132,0.548080601536737,0.0393955392387791
"EGY","Egypt",1988,8794001,13961871,10361283,19917221,2153166,55187542,22755872,33117155,30278504,2153166,0.412337117677754,0.600083892121885,0.548647446555964,0.0390154357662822
"EGY","Egypt",1992,9101911,15744298,11623841,22629246,2381280,61480576,24846209,36470050,34253087,2381280,0.40413103806965,0.593196296664494,0.557136728842619,0.0387322330877316
"EGY","Egypt",1996,8915844,17161547,13013688,25298197,2638694,67027970,26077391,39091079,38311885,2638694,0.389052376194595,0.583205473774605,0.571580565545995,0.0393670582594102
"EGY","Egypt",2000,9281050,17715913,14759090,28385012,2942141,73083206,26996963,41756053,43144102,2942141,0.369400365386269,0.571349497174494,0.590342218977093,0.0402574156366375
"EGY","Egypt",2004,9863932,17942314,16424832,32063126,3183139,79477343,27806246,44231078,48487958,3183139,0.34986380961427,0.556524366950717,0.610085291854812,0.0400508985309184
"EGY","Egypt",2008,10578831,18567728,17321544,36041266,3355303,85864672,29146559,46468103,53362810,3355303,0.339447625211915,0.541178367280085,0.621475733349334,0.0390766414387514
"EGY","Egypt",2012,11774230,19789761,17551032,40298320,3747524,93160867,31563991,49115023,57849352,3747524,0.338811692252714,0.527206589865678,0.620961932438864,0.0402263753084222
"EGY","Egypt",2016,13226064,21457224,17947702,44666248,4347202,101644440,34683288,52630990,62613950,4347202,0.341221693975588,0.517795070738744,0.616009591867494,0.042768714156918
"EGY","Egypt",2020,12663667,23928630,18950883,48643767,5128022,109314969,36592297,55543180,67594650,5128022,0.334741868700525,0.508102234379264,0.618347611661492,0.046910519637983
"ERI","Eritrea",1952,140505,226478,166429,280287,26653,840352,366983,533412,446716,26653,0.436701525075207,0.634748295952172,0.53158200373177,0.0317164711930239
"ERI","Eritrea",1956,149296,235041,183762,308001,27321,903421,384337,568099,491763,27321,0.425424027114712,0.628830855160551,0.544334258335815,0.0302417145494736
"ERI","Eritrea",1960,164491,238647,201537,340566,27317,972558,403138,604675,542103,27317,0.41451306760111,0.621736698479679,0.557399147403034,0.0280877849958563
"ERI","Eritrea",1964,192019,253469,215743,381263,28799,1071293,445488,661231,597006,28799,0.415841417800732,0.617227033127258,0.557276114004292,0.0268824681949756
"ERI","Eritrea",1968,214266,290990,220131,425781,30574,1181742,505256,725387,645912,30574,0.427551868343513,0.613828568333866,0.546576156216839,0.0258719754396476
"ERI","Eritrea",1972,238137,335948,228179,473865,33119,1309248,574085,802264,702044,33119,0.438484534633622,0.612767023512734,0.536219264799335,0.0252962005670431
"ERI","Eritrea",1976,258065,379797,254064,515787,36098,1443811,637862,891926,769851,36098,0.441790511361944,0.617758141474196,0.533207601271912,0.0250018873661442
"ERI","Eritrea",1980,290461,422325,293223,558934,40857,1605800,712786,1006009,852157,40857,0.443882177107984,0.626484618258812,0.530674430190559,0.0254433927014572
"ERI","Eritrea",1984,312994,469974,336794,606260,45714,1771736,782968,1119762,943054,45714,0.441921369775181,0.632014024662817,0.532276817765175,0.0258018124596441
"ERI","Eritrea",1988,341999,514033,372360,658503,51369,1938264,856032,1228392,1030863,51369,0.441648815641213,0.633758868760912,0.531848602667129,0.0265025816916581
"ERI","Eritrea",1992,325408,479377,344465,598519,50981,1798750,804785,1149250,942984,50981,0.447413481584434,0.638915913829048,0.524244058373871,0.0283424600416956
"ERI","Eritrea",1996,364971,548528,419882,731571,63478,2128430,913499,1333381,1151453,63478,0.429189120619424,0.626462228027231,0.540987018600565,0.0298238607800116
"ERI","Eritrea",2000,397654,618838,417763,741604,71175,2247034,1016492,1434255,1159367,71175,0.452370547130128,0.638288072187604,0.515954364731464,0.0316750881384082
"ERI","Eritrea",2004,415806,701601,508635,885676,86541,2598259,1117407,1626042,1394311,86541,0.430059897800797,0.625819827815472,0.536632799116639,0.0333073030825641
"ERI","Eritrea",2008,451954,759636,553303,951504,99929,2816326,1211590,1764893,1504807,99929,0.430202327429424,0.626665023864425,0.534315629653669,0.0354820429169066
"ERI","Eritrea",2012,463452,815583,617941,1025403,114618,3036997,1279035,1896976,1643344,114618,0.421151222737461,0.624622283130342,0.541108206560626,0.0377405707019138
"ERI","Eritrea",2016,455027,859807,644461,1041543,123862,3124700,1314834,1959295,1686004,123862,0.420787275578456,0.627034595321151,0.539573079015585,0.039639645405959
"ERI","Eritrea",2020,447142,882621,717183,1109678,134652,3291276,1329763,2046946,1826861,134652,0.4040265842184,0.621930825612923,0.555061623516229,0.0409117922653706
"ESH","Western Sahara",1952,2424,3505,3067,6149,414,15559,5929,8996,9216,414,0.381065621183881,0.578186258756989,0.592325984960473,0.0266083938556462
"ESH","Western Sahara",1956,3739,4089,4164,9514,518,22024,7828,11992,13678,518,0.355430439520523,0.544496912459135,0.621049763893934,0.023519796585543
"ESH","Western Sahara",1960,5619,5373,5034,13666,652,30344,10992,16026,18700,652,0.362246243079357,0.528143949380438,0.616266807276562,0.0214869496440812
"ESH","Western Sahara",1964,7738,7811,5866,18422,842,40679,15549,21415,24288,842,0.382236534821407,0.526438703016298,0.597064824602375,0.0206986405762187
"ESH","Western Sahara",1968,10071,11503,7808,25453,1165,56000,21574,29382,33261,1165,0.38525,0.524678571428571,0.593946428571429,0.0208035714285714
"ESH","Western Sahara",1972,13227,20308,15209,27058,2466,78268,33535,48744,42267,2466,0.428463739970358,0.622783257525426,0.540029130679205,0.031507129350437
"ESH","Western Sahara",1976,10572,18193,12931,20817,1996,64509,28765,41696,33748,1996,0.445906772698383,0.64635942271621,0.523151808274814,0.0309414190268025
"ESH","Western Sahara",1980,18422,23389,24755,47887,2926,117379,41811,66566,72642,2926,0.35620511335077,0.567103144514777,0.618867088661515,0.024927797987715
"ESH","Western Sahara",1984,29010,27636,24863,61470,3180,146159,56646,81509,86333,3180,0.387564227998276,0.557673492566315,0.590678644489905,0.0217571275118193
"ESH","Western Sahara",1988,31002,40084,24195,69554,3585,168420,71086,95281,93749,3585,0.422075762973519,0.565734473340458,0.556638166488541,0.0212860705379409
"ESH","Western Sahara",1992,29502,53718,25902,77487,4339,190948,83220,109122,103389,4339,0.435825460334751,0.571474956532669,0.541451075685527,0.0227234639797222
"ESH","Western Sahara",1996,28129,59565,36947,91150,5606,221397,87694,124641,128097,5606,0.396093894677886,0.562975108063795,0.578585075678532,0.0253210296435814
"ESH","Western Sahara",2000,30474,58868,56572,118418,7602,271934,89342,145914,174990,7602,0.328542955275913,0.536578728662102,0.643501732037921,0.0279553126861665
"ESH","Western Sahara",2004,33739,59406,70038,151923,10075,325181,93145,163183,221961,10075,0.286440474689481,0.501822062174604,0.682576780316193,0.0309827449943262
"ESH","Western Sahara",2008,37232,63640,72178,194444,13324,380818,100872,173050,266622,13324,0.26488243727975,0.454416545436403,0.700129720758998,0.0349878419612518
"ESH","Western Sahara",2012,41820,70486,72139,238818,17754,441017,112306,184445,310957,17754,0.254652314990125,0.418226508275191,0.705090733463789,0.0402569515460855
"ESH","Western Sahara",2016,45141,78092,74140,278591,23678,499642,123233,197373,352731,23678,0.246642596098807,0.395028840649905,0.705967472710461,0.0473899311907326
"ESH","Western Sahara",2020,46043,85959,77400,309041,30917,549360,132002,209402,386441,30917,0.240283238677734,0.381174457550604,0.703438546672492,0.0562782146497743
"ESP","Spain",1952,2618541,4773648,5321072,13581447,2110900,28405608,7392189,12713261,18902519,2110900,0.260236957434602,0.447561657543116,0.665450251936167,0.0743127906292307
"ESP","Spain",1956,2762278,5114894,4829809,14319871,2296437,29323289,7877172,12706981,19149680,2296437,0.268631939616323,0.433340918885327,0.653053618917032,0.0783144414666445
"ESP","Spain",1960,2971156,5374236,4685318,14893916,2479983,30404609,8345392,13030710,19579234,2479983,0.274477859590301,0.42857679899781,0.64395611862662,0.081566021783079
"ESP","Spain",1964,3145751,5556361,4892672,15423161,2723287,31741232,8702112,13594784,20315833,2723287,0.274157978493084,0.428300451601879,0.640045509260636,0.0857965122462795
"ESP","Spain",1968,3277853,5936791,5137168,15742025,3075851,33169688,9214644,14351812,20879193,3075851,0.27780315570047,0.432678534691071,0.629466065523438,0.0927307787760922
"ESP","Spain",1972,3240266,6352765,5318908,16201564,3425813,34539316,9593031,14911939,21520472,3425813,0.277742355986436,0.43173810969505,0.623071748149268,0.0991858958642956
"ESP","Spain",1976,3316309,6521744,5659876,16898286,3779373,36175588,9838053,15497929,22558162,3779373,0.271952815252098,0.428408489172311,0.623574162775184,0.104473021972718
"ESP","Spain",1980,3139358,6621474,6118010,17485868,4171946,37536656,9760832,15878842,23603878,4171946,0.260034671175823,0.423022285203029,0.628822077278274,0.111143251545902
"ESP","Spain",1984,2632571,6502950,6483893,18302057,4514837,38436308,9135521,15619414,24785950,4514837,0.237679461825522,0.406371340348298,0.644857721506446,0.117462816668032
"ESP","Spain",1988,2234246,6026510,6601970,19076327,5011723,38950776,8260756,14862726,25678297,5011723,0.212081936442036,0.381577147525893,0.659249946650614,0.12866811690735
"ESP","Spain",1992,2026845,5236387,6621717,19960544,5573054,39418547,7263232,13884949,26582261,5573054,0.184259252376806,0.352244059122727,0.674359229933057,0.141381517690137
"ESP","Spain",1996,1925273,4558332,6546633,21017823,6186878,40234939,6483605,13030238,27564456,6186878,0.161143651789804,0.323853802785683,0.685087555370719,0.153768792839477
"ESP","Spain",2000,1885481,4191937,5960853,22193597,6784720,41016588,6077418,12038271,28154450,6784720,0.148169760000515,0.293497621011285,0.686416188494275,0.165414051505211
"ESP","Spain",2004,2153469,4123880,5398845,24372784,7181007,43229985,6277349,11676194,29771629,7181007,0.145208216010253,0.270094796470552,0.688680067781657,0.16611171620809
"ESP","Spain",2008,2436037,4353594,5156628,26685957,7596674,46228890,6789631,11946259,31842585,7596674,0.14686986860381,0.258415441080242,0.688802716223556,0.164327415172633
"ESP","Spain",2012,2438858,4642107,4724776,27004821,8199722,47010284,7080965,11805741,31729597,8199722,0.150625871564613,0.251131029116948,0.674950123679321,0.174424004756066
"ESP","Spain",2016,2161474,4810254,4522481,26468061,8760755,46723025,6971728,11494209,30990542,8760755,0.149213968915754,0.246007380729309,0.663282011385179,0.187504019699067
"ESP","Spain",2020,1961935,4808316,4793029,26790280,9314474,47668034,6770251,11563280,31583309,9314474,0.142029163610985,0.242579335241726,0.662567896129301,0.195402940259714
"EST","Estonia",1952,97370,181976,201098,532354,117057,1129855,279346,480444,733452,117057,0.247240575118046,0.425226245845706,0.649155865133137,0.103603559748817
"EST","Estonia",1956,99905,180007,202844,576255,119130,1178141,279912,482756,779099,119130,0.237587860875736,0.409760801126521,0.661295209996087,0.101116929128177
"EST","Estonia",1960,95740,186598,181987,625429,130686,1220440,282338,464325,807416,130686,0.231341155648782,0.38045704827767,0.661577791616138,0.107081052735079
"EST","Estonia",1964,98536,195751,182248,662000,139786,1278321,294287,476535,844248,139786,0.230213694369411,0.372781953828498,0.66043505504486,0.109351250585729
"EST","Estonia",1968,95417,200874,192364,691631,153999,1334285,296291,488655,883995,153999,0.222059754849976,0.366229853442106,0.662523373941849,0.115416871208175
"EST","Estonia",1972,103324,202149,212711,702437,166567,1387188,305473,518184,915148,166567,0.22021023826619,0.37354994420367,0.659714472731886,0.120075289001923
"EST","Estonia",1976,107590,201681,221199,726529,177832,1434831,309271,530470,947728,177832,0.215545245398239,0.369709045873695,0.660515419586,0.123939335015761
"EST","Estonia",1980,109112,210666,218148,754463,184035,1476424,319778,537926,972611,184035,0.216589543383202,0.364343847024974,0.658761304340759,0.12464915227604
"EST","Estonia",1984,114692,220417,214120,790200,176137,1515566,335109,549229,1004320,176137,0.221111452750985,0.362392004043374,0.66266992001668,0.116218627232334
"EST","Estonia",1988,121271,225361,215525,819705,177191,1559053,346632,562157,1035230,177191,0.222334968727811,0.360575939368322,0.664012063733561,0.113652967538628
"EST","Estonia",1992,108810,227152,211938,804216,188050,1540166,335962,547900,1016154,188050,0.218133629751598,0.355740874684937,0.659769141767835,0.122097228480566
"EST","Estonia",1996,74420,216225,198449,745832,199683,1434609,290645,489094,944281,199683,0.202595271603622,0.340924948888512,0.6582148864255,0.139189841970878
"EST","Estonia",2000,62810,183495,200185,741050,209401,1396941,246305,446490,941235,209401,0.176317396368207,0.319619797829686,0.673782929987737,0.149899673644055
"EST","Estonia",2004,64900,147815,201510,725125,223253,1362603,212715,414225,926635,223253,0.156109299627258,0.303995367689635,0.680047673460281,0.163843026912461
"EST","Estonia",2008,73085,125965,190440,714365,233129,1336984,199050,389490,904805,233129,0.148879866924361,0.291319866206327,0.676750806292371,0.174369326783267
"EST","Estonia",2012,77048,129167,160763,719378,236143,1322499,206215,366978,880141,236143,0.155928284255791,0.277488300558261,0.665513546702115,0.178558169042094
"EST","Estonia",2016,70396,142131,132180,718680,252339,1315726,212527,344707,850860,252339,0.161528312125777,0.261989958395593,0.646684796074563,0.19178689179966
"EST","Estonia",2020,70782,147793,126797,715704,268456,1329532,218575,345372,842501,268456,0.164399954269623,0.259769603138548,0.633682378460992,0.201917667269385
"ETH","Ethiopia",1952,3136281,4807229,3499954,6333339,549362,18326165,7943510,11443464,9833293,549362,0.433451843307097,0.624433098796175,0.536571235716802,0.0299769209761017
"ETH","Ethiopia",1956,3326313,5164502,3830058,6915785,582226,19818884,8490815,12320873,10745843,582226,0.428420439818912,0.621673399975498,0.542202224908325,0.0293773352727631
"ETH","Ethiopia",1960,3643588,5385076,4212642,7532305,603076,21376687,9028664,13241306,11744947,603076,0.422360303072221,0.619427416418643,0.54942784164824,0.0282118552795389
"ETH","Ethiopia",1964,4298220,5708071,4673929,8338974,647341,23666535,10006291,14680220,13012903,647341,0.422803380385004,0.620294436849332,0.549844030822425,0.0273525887925715
"ETH","Ethiopia",1968,4913611,6547657,4934422,9212441,729780,26337911,11461268,16395690,14146863,729780,0.435162378671566,0.622512924430491,0.537129273464399,0.0277083478640352
"ETH","Ethiopia",1972,5567421,7622156,5159490,10195556,829969,29374592,13189577,18349067,15355046,829969,0.449013113101282,0.624657765459347,0.522732230629791,0.0282546562689279
"ETH","Ethiopia",1976,6159894,8721729,5683254,11055856,913685,32534418,14881623,20564877,16739110,913685,0.457411686294803,0.63209604671582,0.514504670100446,0.0280836436047511
"ETH","Ethiopia",1980,6662359,9279725,6226829,11298157,961429,34428499,15942084,22168913,17524986,961429,0.463049057119801,0.643911690718785,0.509025560481158,0.027925382399041
"ETH","Ethiopia",1984,7385920,10513621,7334901,12440818,1060396,38735656,17899541,25234442,19775719,1060396,0.462094691258101,0.651452553172199,0.510530117264569,0.0273751914773303
"ETH","Ethiopia",1988,8464642,11854812,8446225,14181634,1203477,44150790,20319454,28765679,22627859,1203477,0.460228548571838,0.651532599982922,0.512513116979334,0.0272583344488287
"ETH","Ethiopia",1992,10248807,13703574,9777269,16693226,1430854,51853730,23952381,33729650,26470495,1430854,0.461922044952215,0.650476831657048,0.510483913114833,0.0275940419329526
"ETH","Ethiopia",1996,11834317,16050777,10997761,18999584,1585187,59467626,27885094,38882855,29997345,1585187,0.468912177526643,0.653849121200836,0.504431520437692,0.0266563020356656
"ETH","Ethiopia",2000,13102507,19085968,12221500,21239261,1762244,67411480,32188475,44409975,33460761,1762244,0.477492483476108,0.65878949698182,0.496365915716433,0.0261416008074589
"ETH","Ethiopia",2004,14199131,22007135,14057195,23817542,1996140,76077143,36206266,50263461,37874737,1996140,0.475915164164354,0.66069070180514,0.497846468813899,0.0262383670217479
"ETH","Ethiopia",2008,15147444,24717141,16657336,26727737,2293904,85543562,39864585,56521921,43385073,2293904,0.466015022848826,0.660738455104313,0.50716935308352,0.0268156240676534
"ETH","Ethiopia",2012,15521630,27210636,19843867,30513953,2708501,95798587,42732266,62576133,50357820,2708501,0.446063635573247,0.653205177232938,0.525663494389536,0.0282728700372167
"ETH","Ethiopia",2016,16021380,29121180,22816692,35607071,3151587,106717910,45142560,67959252,58423763,3151587,0.42300828417648,0.636812059006778,0.547459775027453,0.0295319407960669
"ETH","Ethiopia",2020,17738316,30364782,25467115,41697817,3649400,118917430,48103098,73570213,67164932,3649400,0.404508388719803,0.618666355302162,0.564803090682333,0.0306885205978636
"FIN","Finland",1952,482550,759657,631541,1941343,275737,4090828,1242207,1873748,2572884,275737,0.303656619148984,0.458036368187565,0.628939666981843,0.0674037138691727
"FIN","Finland",1956,440606,873600,635176,2034168,298371,4281921,1314206,1949382,2669344,298371,0.306919721312,0.455258749519199,0.623398703525824,0.069681575162176
"FIN","Finland",1960,412485,934333,671529,2087789,323481,4429617,1346818,2018347,2759318,323481,0.304048408699894,0.45564819712404,0.622924735930894,0.0730268553692114
"FIN","Finland",1964,396975,864302,800261,2130261,357279,4549078,1261277,2061538,2930522,357279,0.277259919482585,0.453177105338708,0.644201308484928,0.0785387720324866
"FIN","Finland",1968,377348,810463,877277,2164795,397457,4627340,1187811,2065088,3042072,397457,0.256694126647275,0.446279720098372,0.657412682016018,0.0858931913367075
"FIN","Finland",1972,321286,764603,859261,2244598,449781,4639529,1085889,1945150,3103859,449781,0.234051559975161,0.419255920159137,0.669003038886059,0.0969454011387794
"FIN","Finland",1976,305496,718301,806772,2378671,516073,4725313,1023797,1830569,3185443,516073,0.216662261314753,0.387396348136092,0.674123174486008,0.109214564199239
"FIN","Finland",1980,320249,650361,765896,2470567,572241,4779314,970610,1736506,3236463,572241,0.203085631117771,0.363337918370712,0.677181495084859,0.119732873797369
"FIN","Finland",1984,324371,626564,741597,2584196,605020,4881748,950935,1692532,3325793,605020,0.194793954952202,0.346706138866652,0.681270930002942,0.123935115044857
"FIN","Finland",1988,312976,643502,678351,2666583,645097,4946509,956478,1634829,3344934,645097,0.193364249413071,0.330501571916679,0.676221149097272,0.130414601489657
"FIN","Finland",1992,321259,645688,639529,2745561,689949,5041986,966947,1606476,3385090,689949,0.191778993436317,0.318619686766286,0.671380285466878,0.136840721096806
"FIN","Finland",1996,322523,647655,634084,2782579,737671,5124512,970178,1604262,3416663,737671,0.189321051448411,0.313056540798421,0.666729436871257,0.143949511680332
"FIN","Finland",2000,294401,645269,659663,2804760,771846,5175939,939670,1599333,3464423,771846,0.181545802607025,0.308993788373472,0.669332269951404,0.149121927441571
"FIN","Finland",2004,283419,633919,651057,2837772,821666,5227833,917338,1568395,3488829,821666,0.175471940285774,0.300008626901433,0.667356627497474,0.157171432216752
"FIN","Finland",2008,293321,599566,658906,2878021,883103,5312917,892887,1551793,3536927,883103,0.168059655364464,0.292079285258927,0.665722238837911,0.166218105797625
"FIN","Finland",2012,303532,586660,660561,2864345,998230,5413328,890192,1550753,3524906,998230,0.164444496989652,0.286469432482199,0.65115322773717,0.184402275273178
"FIN","Finland",2016,290959,604142,637050,2826646,1135903,5494700,895101,1532151,3463696,1135903,0.16290261524742,0.27884161100697,0.630370356889366,0.206727027863214
"FIN","Finland",2020,251462,614496,608627,2811378,1242727,5528690,865958,1474585,3420005,1242727,0.156629870728871,0.266715080787673,0.618592288589159,0.22477784068197
"FJI","Fiji",1952,58208,86765,59916,100931,17554,323374,144973,204889,160847,17554,0.448313717243811,0.633597629988806,0.497402388565562,0.0542838941906276
"FJI","Fiji",1956,65780,98646,68725,111037,15030,359218,164426,233151,179762,15030,0.457733187089734,0.649051550868832,0.500425925204194,0.0418408877060726
"FJI","Fiji",1960,75735,112263,78199,124936,13768,404901,187998,266197,203135,13768,0.464306089636726,0.657437250093233,0.501690536699094,0.0340033736641796
"FJI","Fiji",1964,84609,128209,89981,142375,13158,458332,212818,302799,232356,13158,0.464331532600822,0.66065428553974,0.506960020247332,0.0287084471518463
"FJI","Fiji",1968,87749,146141,100877,161882,13356,510005,233890,334767,262759,13356,0.45860334702601,0.656399447064244,0.515208674424761,0.0261879785492299
"FJI","Fiji",1972,85356,157710,112469,180755,14214,550504,243066,355535,293224,14214,0.44153357650444,0.645835452603432,0.532646447618909,0.0258199758766512
"FJI","Fiji",1976,83426,159714,126181,200636,15583,585540,243140,369321,326817,15583,0.415240632578475,0.630735731119992,0.558146326467876,0.0266130409536496
"FJI","Fiji",1980,95626,158556,143127,226717,17953,641979,254182,397309,369844,17953,0.395935069527196,0.61888161450764,0.576099841272066,0.0279650892007371
"FJI","Fiji",1984,107289,167767,152731,258670,20263,706720,275056,427787,411401,20263,0.389200815032828,0.605313278243152,0.582127292279828,0.0286718926873444
"FJI","Fiji",1988,109595,184306,151520,290901,22383,758705,293901,445421,442421,22383,0.387371903440731,0.587080617631359,0.583126511621777,0.0295015849374922
"FJI","Fiji",1992,106436,193869,147785,313858,23397,785345,300305,448090,461643,23397,0.382386085096359,0.570564528964977,0.587821912662588,0.0297920022410533
"FJI","Fiji",1996,101613,192646,154086,330621,24817,803783,294259,448345,484707,24817,0.366092589666614,0.557793583591591,0.603032161665524,0.0308752486678618
"FJI","Fiji",2000,99614,188966,170202,353217,28908,840907,288580,458782,523419,28908,0.343177069521362,0.54557995117177,0.622445763919197,0.0343771665594412
"FJI","Fiji",2004,99033,186036,175614,380320,33362,874365,285069,460683,555934,33362,0.326029747302328,0.526877219467842,0.635814562568264,0.0381556901294082
"FJI","Fiji",2008,100961,181568,173363,408985,38523,903400,282529,455892,582348,38523,0.312739650210317,0.504640247952181,0.644618109364622,0.0426422404250609
"FJI","Fiji",2012,98193,178073,167469,427319,43863,914917,276266,443735,594788,43863,0.301957445320177,0.485000278713807,0.650100500919756,0.0479420537600679
"FJI","Fiji",2016,93451,177283,159051,440397,48983,919165,270734,429785,599448,48983,0.29454341712315,0.467581990175866,0.652165824416726,0.0532907584601241
"FJI","Fiji",2020,86840,172144,152647,448552,54787,914970,258984,411631,601199,54787,0.283051903341093,0.449884695673082,0.657069630698274,0.0598784659606326
"FLK","Falkland Islands",1952,210,425,384,1054,161,2234,635,1019,1438,161,0.284243509400179,0.456132497761862,0.643688451208594,0.0720680393912265
"FLK","Falkland Islands",1956,194,334,394,1138,150,2210,528,922,1532,150,0.238914027149321,0.417194570135747,0.693212669683258,0.0678733031674208
"FLK","Falkland Islands",1960,227,320,379,1206,152,2284,547,926,1585,152,0.239492119089317,0.405429071803853,0.693957968476357,0.0665499124343257
"FLK","Falkland Islands",1964,233,353,320,1246,170,2322,586,906,1566,170,0.252368647717485,0.390180878552972,0.674418604651163,0.0732127476313523
"FLK","Falkland Islands",1968,217,357,313,1221,192,2300,574,887,1534,192,0.249565217391304,0.385652173913043,0.66695652173913,0.0834782608695652
"FLK","Falkland Islands",1972,229,384,294,1178,213,2298,613,907,1472,213,0.266753698868581,0.394691035683203,0.640557006092254,0.0926892950391645
"FLK","Falkland Islands",1976,210,408,290,1176,236,2320,618,908,1466,236,0.266379310344828,0.391379310344828,0.631896551724138,0.101724137931034
"FLK","Falkland Islands",1980,169,418,292,1145,247,2271,587,879,1437,247,0.258476442095993,0.387054161162483,0.632760898282695,0.108762659621312
"FLK","Falkland Islands",1984,144,386,372,1118,245,2265,530,902,1490,245,0.233995584988962,0.398233995584989,0.657836644591612,0.108167770419426
"FLK","Falkland Islands",1988,143,331,410,1183,241,2308,474,884,1593,241,0.205372616984402,0.383015597920277,0.690207972270364,0.104419410745234
"FLK","Falkland Islands",1992,146,300,438,1374,245,2503,446,884,1812,245,0.178186176588094,0.353176188573712,0.723931282461047,0.097882540950859
"FLK","Falkland Islands",1996,155,300,404,1761,251,2871,455,859,2165,251,0.158481365377917,0.299198885405782,0.754092650644375,0.0874259839777081
"FLK","Falkland Islands",2000,171,328,388,1965,267,3119,499,887,2353,267,0.159987175376723,0.284386021160628,0.754408464251363,0.0856043603719141
"FLK","Falkland Islands",2004,192,352,367,2003,316,3230,544,911,2370,316,0.168421052631579,0.282043343653251,0.73374613003096,0.0978328173374613
"FLK","Falkland Islands",2008,188,373,370,1949,364,3244,561,931,2319,364,0.172934648581998,0.286991368680641,0.714858199753391,0.112207151664612
"FLK","Falkland Islands",2012,178,390,368,1913,374,3223,568,936,2281,374,0.176233322991002,0.290412659013342,0.707725721377598,0.116040955631399
"FLK","Falkland Islands",2016,212,416,379,2111,381,3499,628,1007,2490,381,0.17947985138611,0.287796513289511,0.711631894827093,0.108888253786796
"FLK","Falkland Islands",2020,176,392,361,2223,385,3537,568,929,2584,385,0.160588068985016,0.262651964942041,0.730562623692395,0.10884930732259
"FRA","France",1952,4131961,5928476,6279552,21560450,4879580,42780019,10060437,16339989,27840002,4879580,0.23516672584928,0.381953757430542,0.650771146221324,0.114062127929396
"FRA","France",1956,4132099,7127842,5961098,22282469,5084722,44588230,11259941,17221039,28243567,5084722,0.252531688295319,0.38622387567302,0.633430997373074,0.114037314331607
"FRA","France",1960,4126786,8178519,5806323,22971464,5344623,46427715,12305305,18111628,28777787,5344623,0.265042227471242,0.390103798991615,0.619840692138306,0.115117080390452
"FRA","France",1964,4185788,8277679,6764991,23320448,5769604,48318510,12463467,19228458,30085439,5769604,0.257943943221759,0.397952213344327,0.622648318418759,0.119407738359482
"FRA","France",1968,4235207,8315438,7908291,23179470,6308055,49946461,12550645,20458936,31087761,6308055,0.25128196770538,0.409617330044665,0.622421696704397,0.126296335590223
"FRA","France",1972,4213101,8512120,8496686,23754679,6766227,51742813,12725221,21221907,32251365,6766227,0.245932145204398,0.410142119640848,0.62330134621788,0.130766508577723
"FRA","France",1976,3974960,8544111,8473346,24772938,7192309,52957664,12519071,20992417,33246284,7192309,0.236397719506661,0.396399980935715,0.627789851153555,0.135812429339784
"FRA","France",1980,3634966,8435808,8566063,25792219,7510076,53939132,12070774,20636837,34358282,7510076,0.223785099100223,0.38259490345525,0.636982478694689,0.139232422205088
"FRA","France",1984,3815013,8055401,8637430,27584731,7081566,55174141,11870414,20507844,36222161,7081566,0.215144518516383,0.371693036417187,0.656506115790729,0.128349365692889
"FRA","France",1988,3755416,7771609,8737923,28444443,7649195,56358586,11527025,20264948,37182366,7649195,0.204530060424156,0.359571618776951,0.659746254102259,0.135723685473585
"FRA","France",1992,3764620,7746075,8340024,29403789,8296093,57550601,11510695,19850719,37743813,8296093,0.200009987732361,0.344926354461529,0.655836991172342,0.144153021095297
"FRA","France",1996,3599157,7680422,7989941,30161624,8943614,58374758,11279579,19269520,38151565,8943614,0.193226993763297,0.330100212149916,0.653562709416286,0.153210296820417
"FRA","France",2000,3741173,7516805,7726625,30976576,9514636,59475815,11257978,18984603,38703201,9514636,0.189286653743206,0.319198702867712,0.650738472436233,0.15997487382056
"FRA","France",2004,3801472,7568199,7895899,31897917,10001332,61164819,11369671,19265570,39793816,10001332,0.18588579490442,0.314977961432372,0.650599750814271,0.163514454281308
"FRA","France",2008,3851548,7736877,7822305,32979966,10375248,62765944,11588425,19410730,40802271,10375248,0.184629183622252,0.309255764559201,0.650070219608264,0.165300596769484
"FRA","France",2012,3899562,7973480,7657496,33328524,11180624,64039686,11873042,19530538,40986020,11180624,0.185401315053294,0.304975542821993,0.640009696487269,0.174588988459437
"FRA","France",2016,3744788,8024974,7736245,33029069,12533323,65068399,11769762,19506007,40765314,12533323,0.180882919833328,0.299776962393066,0.626499416406419,0.192617663760253
"FRA","France",2020,3524194,7969132,7915706,32822587,13653488,65885107,11493326,19409032,40738293,13653488,0.17444497737554,0.294589063959477,0.618323242610807,0.207231780013653
"FRO","Faroe Islands",1952,3925,6723,4932,14034,2424,32038,10648,15580,18966,2424,0.332355328047943,0.48629752169299,0.591984518384418,0.0756601535676384
"FRO","Faroe Islands",1956,3712,7154,4634,14331,2518,32349,10866,15500,18965,2518,0.335899100435871,0.479149278184797,0.586262326501592,0.0778385730625367
"FRO","Faroe Islands",1960,3903,7313,5345,14875,2714,34150,11216,16561,20220,2714,0.328433382137628,0.484948755490483,0.592093704245974,0.0794729136163982
"FRO","Faroe Islands",1964,4011,7402,6127,15341,2985,35866,11413,17540,21468,2985,0.318212234428149,0.489042547259243,0.598561311548542,0.083226454023309
"FRO","Faroe Islands",1968,4371,7531,6358,16104,3222,37586,11902,18260,22462,3222,0.316660458681424,0.48581918799553,0.597616133666791,0.0857234076517852
"FRO","Faroe Islands",1972,4128,8049,6480,17073,3469,39199,12177,18657,23553,3469,0.310645679736728,0.475956019286206,0.60085716472359,0.0884971555396821
"FRO","Faroe Islands",1976,3954,8372,6728,18158,3833,41045,12326,19054,24886,3833,0.300304543793397,0.464222195151663,0.606310147399196,0.0933853088074065
"FRO","Faroe Islands",1980,3808,8300,7339,19281,4364,43092,12108,19447,26620,4364,0.280980228348649,0.451290262693771,0.617748073888425,0.101271697762926
"FRO","Faroe Islands",1984,3665,7988,7964,20553,4998,45168,11653,19617,28517,4998,0.257992383988665,0.434311902231668,0.631354055968828,0.110653560042508
"FRO","Faroe Islands",1988,3773,7743,8159,21836,5469,46980,11516,19675,29995,5469,0.24512558535547,0.418795232013623,0.638463175819498,0.116411238825032
"FRO","Faroe Islands",1992,4100,7129,6846,22174,5793,46042,11229,18075,29020,5793,0.243886017114808,0.392576343338691,0.630294079318883,0.125819903566309
"FRO","Faroe Islands",1996,3429,7086,6164,21476,6046,44201,10515,16679,27640,6046,0.237890545462772,0.377344403972761,0.625325218886451,0.136784235650777
"FRO","Faroe Islands",2000,3385,7475,6100,22544,6180,45684,10860,16960,28644,6180,0.237719989493039,0.371245950442168,0.627002889414237,0.135277121092724
"FRO","Faroe Islands",2004,3542,7625,6478,24009,6384,48038,11167,17645,30487,6384,0.23246180107415,0.367313376909946,0.634643407302552,0.132894791623298
"FRO","Faroe Islands",2008,3508,7206,6743,24216,6850,48523,10714,17457,30959,6850,0.220802506028069,0.359767532922532,0.638027327246873,0.141170166725058
"FRO","Faroe Islands",2012,3155,7070,6578,23758,7544,48105,10225,16803,30336,7544,0.212555867373454,0.349298409728718,0.630620517617711,0.156823615008835
"FRO","Faroe Islands",2016,3262,7109,6554,24131,8489,49545,10371,16925,30685,8489,0.209324856191341,0.341608638611363,0.619335957210617,0.171339186598042
"FRO","Faroe Islands",2020,3645,7272,6740,25647,9308,52612,10917,17657,32387,9308,0.207500190070706,0.335607846118756,0.615581996502699,0.176917813426595
"FSM","Micronesia (country)",1952,6014,8269,6227,12114,1329,33953,14283,20510,18341,1329,0.420669749359409,0.604070332518481,0.540187906812358,0.0391423438282331
"FSM","Micronesia (country)",1956,7031,9619,6864,13204,1383,38101,16650,23514,20068,1383,0.436996404293851,0.617149156190126,0.526705335817958,0.0362982598881919
"FSM","Micronesia (country)",1960,7960,11536,7620,14494,1471,43081,19496,27116,22114,1471,0.452542884334161,0.629419001415937,0.513312132958845,0.0341449827069938
"FSM","Micronesia (country)",1964,9079,13858,8597,16035,1629,49198,22937,31534,24632,1629,0.466218138948738,0.640961014675393,0.500670758973942,0.0331111020773202
"FSM","Micronesia (country)",1968,10265,15740,10240,17482,1753,55480,26005,36245,27722,1753,0.468727469358327,0.65329848594088,0.499675558759913,0.0315969718817592
"FSM","Micronesia (country)",1972,11752,17854,12076,18713,1898,62293,29606,41682,30789,1898,0.47527009455316,0.669128152440884,0.494260992406852,0.0304689130399884
"FSM","Micronesia (country)",1976,13038,19958,13821,20213,2037,69067,32996,46817,34034,2037,0.477739007051124,0.677849045130091,0.492767892046853,0.0294931009020227
"FSM","Micronesia (country)",1980,14549,22378,15613,22668,2213,77421,36927,52540,38281,2213,0.476963614523191,0.678627245837693,0.494452409552964,0.028583975923845
"FSM","Micronesia (country)",1984,15746,25605,17624,25798,2423,87196,41351,58975,43422,2423,0.474230469287582,0.676349832561127,0.4979815587871,0.0277879719253177
"FSM","Micronesia (country)",1988,16583,28571,20032,29253,2671,97110,45154,65186,49285,2671,0.464977860158583,0.671259396560601,0.507517248481104,0.027504891360313
"FSM","Micronesia (country)",1992,16735,30762,21967,32317,3042,104823,47497,69464,54284,3042,0.453116205412934,0.662678992205909,0.517863445999447,0.0290203485876191
"FSM","Micronesia (country)",1996,16229,30854,22822,37010,3808,110723,47083,69905,59832,3808,0.425232336551575,0.631350306621027,0.540375531732341,0.0343921317160843
"FSM","Micronesia (country)",2000,15910,29326,23967,39321,3543,112067,45236,69203,63288,3543,0.403651387116636,0.617514522562396,0.56473359686616,0.031615016017204
"FSM","Micronesia (country)",2004,14809,28184,23641,41399,3906,111939,42993,66634,65040,3906,0.384075255272961,0.59527063847274,0.581030739956583,0.0348940047704553
"FSM","Micronesia (country)",2008,12961,26820,22469,43092,3605,108947,39781,62250,65561,3605,0.365140848302386,0.571378743792853,0.601769667820133,0.0330894838774817
"FSM","Micronesia (country)",2012,12655,25247,22948,43374,3684,107908,37902,60850,66322,3684,0.351243651999852,0.563906290543797,0.614616154501983,0.0341401934981651
"FSM","Micronesia (country)",2016,12336,24451,23713,44095,4493,109088,36787,60500,67808,4493,0.337223159284248,0.554598122616603,0.621589909064242,0.0411869316515107
"FSM","Micronesia (country)",2020,12139,24207,23189,45802,5593,110930,36346,59535,68991,5593,0.327648066348147,0.536689804381141,0.621932750383124,0.050419183268728
"GAB","Gabon",1952,54623,85059,77558,225932,35415,478587,139682,217240,303490,35415,0.291863339371943,0.453919559035243,0.63413757582216,0.0739990848058974
"GAB","Gabon",1956,58699,89303,78095,228924,37768,492789,148002,226097,307019,37768,0.300335437682253,0.458810971835816,0.623023241184361,0.0766413211333857
"GAB","Gabon",1960,63967,96858,79146,232379,39973,512323,160825,239971,311525,39973,0.313913292981186,0.468397866189884,0.608063662962623,0.0780230440561911
"GAB","Gabon",1964,71450,106572,82128,236439,42074,538663,178022,260150,318567,42074,0.330488635751852,0.482955020114617,0.591403159303683,0.0781082049444644
"GAB","Gabon",1968,79793,118826,88828,240699,44116,572262,198619,287447,329527,44116,0.347077038139873,0.502299645966358,0.575832398446865,0.0770905634132618
"GAB","Gabon",1972,90690,134524,98811,250650,46288,620963,225214,324025,349461,46288,0.362685055309254,0.521810478241055,0.562772661173049,0.0745422835176975
"GAB","Gabon",1976,104135,153106,110000,261941,48442,677624,257241,367241,371941,48442,0.379622032277487,0.541953944960627,0.548889944866179,0.0714880228563333
"GAB","Gabon",1980,120109,175898,124115,277524,50740,748386,296007,420122,401639,50740,0.39552717447948,0.561370736491597,0.536673588228535,0.0677992372919857
"GAB","Gabon",1984,138441,203701,141299,297024,53026,833491,342142,483441,438323,53026,0.410492734774581,0.580019460318108,0.525888101971107,0.0636191632543123
"GAB","Gabon",1988,155461,236438,161838,321959,55317,931013,391899,553737,483797,55317,0.420938268316339,0.594768279282889,0.519645805160615,0.0594159265230453
"GAB","Gabon",1992,169923,271454,186756,352604,57636,1038373,441377,628133,539360,57636,0.425065944511269,0.604920389879167,0.519427989749348,0.0555060657393827
"GAB","Gabon",1996,179617,304642,217102,390577,60064,1152002,484259,701361,607679,60064,0.420362985480928,0.608819255522126,0.52749821614893,0.0521387983701417
"GAB","Gabon",2000,189094,331644,252128,439913,62780,1275559,520738,772866,692041,62780,0.408242974256777,0.605903764545584,0.542539388613149,0.049217637130074
"GAB","Gabon",2004,206683,352743,289605,506507,66056,1421594,559426,849031,796112,66056,0.393520231514764,0.597238733421779,0.560013618515554,0.0464661499696819
"GAB","Gabon",2008,230550,378251,326976,601324,70041,1607142,608801,935777,928300,70041,0.378809713142958,0.58226155498394,0.577609196947127,0.0435810899099146
"GAB","Gabon",2012,266262,416415,360311,727626,76223,1846837,682677,1042988,1087937,76223,0.369646590359626,0.564742854946051,0.5890812237355,0.0412721859048741
"GAB","Gabon",2016,297138,471099,384322,863674,84011,2100244,768237,1152559,1247996,84011,0.365784642165386,0.548773856751882,0.594214767427023,0.0400005904075907
"GAB","Gabon",2020,321403,533707,402601,972084,92692,2322487,855110,1257711,1374685,92692,0.368187206214717,0.541536292775805,0.591902129053898,0.0399106647313849
"GBR","United Kingdom",1952,4088227,7364988,6533840,26945330,5563485,50495870,11453215,17987055,33479170,5563485,0.226814886049097,0.356208438432688,0.663008083631394,0.110177030319509
"GBR","United Kingdom",1956,3863250,8025658,6523572,27143583,5843892,51399955,11888908,18412480,33667155,5843892,0.231301914563933,0.358219768869447,0.655003589010924,0.113694496425143
"GBR","United Kingdom",1960,4169179,8097826,6948299,27178607,6143993,52537904,12267005,19215304,34126906,6143993,0.23348866372743,0.365741731912259,0.6495673295227,0.11694400674987
"GBR","United Kingdom",1964,4634475,7926026,7671158,27265846,6510824,54008329,12560501,20231659,34937004,6510824,0.23256599921838,0.374602572873528,0.646881780030632,0.120552220750988
"GBR","United Kingdom",1968,4756741,8423942,8026810,27003856,7028210,55239559,13180683,21207493,35030666,7028210,0.238609489985248,0.383918579074826,0.634159045331988,0.127231464682765
"GBR","United Kingdom",1972,4419065,9039403,8010686,27037817,7570792,56077763,13458468,21469154,35048503,7570792,0.239996520545943,0.38284612030619,0.624998236823391,0.135005242630666
"GBR","United Kingdom",1976,3716019,9134989,8154859,27158581,8034816,56199264,12851008,21005867,35313440,8034816,0.228668617439545,0.373774770431157,0.628361253983682,0.142970128576773
"GBR","United Kingdom",1980,3406276,8399454,8841366,27195968,8436688,56279752,11805730,20647096,36037334,8436688,0.20976869265522,0.366865440345224,0.640325031993744,0.149906275351036
"GBR","United Kingdom",1984,3601447,7413540,9206204,27788301,8438850,56448342,11014987,20221191,36994505,8438850,0.195133933251751,0.358224711010998,0.655369204643779,0.149496862104471
"GBR","United Kingdom",1988,3716069,7083462,8840394,28461732,8921009,57022666,10799531,19639925,37302126,8921009,0.189390145315198,0.344423128164509,0.654163135760787,0.156446718924015
"GBR","United Kingdom",1992,3789369,7423674,8003655,29288189,9209670,57714557,11213043,19216698,37291844,9209670,0.19428448528159,0.332961024027266,0.646142774690274,0.159572740028135
"GBR","United Kingdom",1996,3772583,7546109,7418493,30237304,9318454,58292943,11318692,18737185,37655797,9318454,0.19416916383858,0.321431446684721,0.645975225508858,0.159855610652562
"GBR","United Kingdom",2000,3572302,7609952,7332533,31158481,9377312,59050580,11182254,18514787,38491014,9377312,0.18936738639993,0.313541154041163,0.651831260590497,0.158801353009572
"GBR","United Kingdom",2004,3464390,7572612,7742305,31787082,9595224,60161613,11037002,18779307,39529387,9595224,0.183455885732319,0.312147664657861,0.657053310721573,0.159490803546108
"GBR","United Kingdom",2008,3764907,7290480,8119388,32905392,9936886,62017053,11055387,19174775,41024780,9936886,0.178263662415562,0.309185523536567,0.661508053276895,0.160228284307544
"GBR","United Kingdom",2012,4036923,7325784,8181666,33559882,10843652,63947907,11362707,19544373,41741548,10843652,0.177686925703448,0.305629596289993,0.652742989696285,0.169570084600267
"GBR","United Kingdom",2016,4044355,7783657,8090253,34169505,11791668,65879438,11828012,19918265,42259758,11791668,0.179540268695067,0.302344185146206,0.641471137018503,0.17898859428643
"GBR","United Kingdom",2020,3822178,8278476,7909799,34810059,12516082,67336594,12100654,20010453,42719858,12516082,0.1797039808696,0.297170554839765,0.634422614247462,0.185873404882938
"GEO","Georgia",1952,361610,602644,743929,1571938,306664,3586785,964254,1708183,2315867,306664,0.268835182482362,0.476243488249226,0.645666523084043,0.0854982944335944
"GEO","Georgia",1956,403395,583779,752214,1747622,302564,3789574,987174,1739388,2499836,302564,0.260497354056155,0.458993016101546,0.659661481739108,0.0798411642047365
"GEO","Georgia",1960,458824,705082,672779,1914575,302514,4053774,1163906,1836685,2587354,302514,0.287116647351332,0.453080265451404,0.638258077534663,0.0746252751140049
"GEO","Georgia",1964,492404,816935,591205,2152176,305559,4358279,1309339,1900544,2743381,305559,0.300425695555516,0.436076717438237,0.629464290835901,0.0701100136085827
"GEO","Georgia",1968,475819,956770,654292,2232280,344361,4663522,1432589,2086881,2886572,344361,0.307190359560864,0.447490330269697,0.618968239026212,0.0738414014129235
"GEO","Georgia",1972,440716,999753,798942,2251193,386586,4877190,1440469,2239411,3050135,386586,0.29534814104023,0.459160090133868,0.625387774517704,0.079264084442066
"GEO","Georgia",1976,435234,932675,894681,2327881,425351,5015822,1367909,2262590,3222562,425351,0.27271880860206,0.451090569003446,0.642479338381625,0.0848018530163152
"GEO","Georgia",1980,450760,860514,949913,2439396,464844,5165427,1311274,2261187,3389309,464844,0.253855876774563,0.437754129523077,0.656152724644061,0.0899913985813758
"GEO","Georgia",1984,484991,856219,923795,2601052,468038,5334095,1341210,2265005,3524847,468038,0.251440966087031,0.424627795342978,0.660814439937796,0.0877445939751729
"GEO","Georgia",1988,506938,896924,857133,2766961,472087,5500043,1403862,2260995,3624094,472087,0.255245640806808,0.411086786048764,0.658921030253763,0.0858333289394283
"GEO","Georgia",1992,457438,894746,775003,2662846,503931,5293964,1352184,2127187,3437849,503931,0.255419946187772,0.401813650413943,0.649390324528085,0.0951897292841432
"GEO","Georgia",1996,346463,835254,704844,2389681,536329,4812571,1181717,1886561,3094525,536329,0.245547961785914,0.392006891950269,0.643008695352235,0.111443342861851
"GEO","Georgia",2000,273136,696483,670021,2151722,536720,4328082,969619,1639640,2821743,536720,0.224029720324153,0.378837554371659,0.651961538621496,0.124008741054352
"GEO","Georgia",2004,240531,567772,670771,2003836,572889,4055799,808303,1479074,2674607,572889,0.199295625843391,0.364681287213691,0.659452551766002,0.141251822390607
"GEO","Georgia",2008,247391,475488,648511,1998071,571496,3940957,722879,1371390,2646582,571496,0.183427274136714,0.347984004900333,0.671558202741111,0.145014523122176
"GEO","Georgia",2012,275644,442492,550127,2046431,524239,3838933,718136,1268263,2596558,524239,0.18706656250578,0.330368620655792,0.676374919801935,0.136558517692286
"GEO","Georgia",2016,286790,465635,466535,2032324,540514,3791798,752425,1218960,2498859,540514,0.198434884980687,0.321472821073274,0.659016909656052,0.14254820536326
"GEO","Georgia",2020,273839,523265,424765,2008729,564817,3795415,797104,1221869,2433494,564817,0.210017613357169,0.321932911157278,0.641166776228686,0.148815610414144
"GGY","Guernsey",1952,4045,6507,6191,23795,5579,46117,10552,16743,29986,5579,0.228809332784006,0.363054838779626,0.650215755578203,0.120974911637791
"GGY","Guernsey",1956,3481,7132,6111,23878,5914,46516,10613,16724,29989,5914,0.228158053143005,0.359532203972827,0.644702897927595,0.127139048929401
"GGY","Guernsey",1960,3667,7557,5792,23832,6342,47190,11224,17016,29624,6342,0.237847001483365,0.360584869675779,0.62776011866921,0.134392879847425
"GGY","Guernsey",1964,3742,7400,6799,24647,6723,49311,11142,17941,31446,6723,0.225953641175397,0.36383362738537,0.637707610877897,0.136338747946706
"GGY","Guernsey",1968,4004,7733,7817,25339,7243,52136,11737,19554,33156,7243,0.225122755869265,0.375057541813718,0.635952125210987,0.138925118919748
"GGY","Guernsey",1972,3985,8538,8190,25751,7842,54306,12523,20713,33941,7842,0.230600670275844,0.381412735241042,0.624995396457113,0.144403933267042
"GGY","Guernsey",1976,3415,8457,8124,26257,7963,54216,11872,19996,34381,7963,0.218975948059613,0.368821012247307,0.634148590821898,0.146875461118489
"GGY","Guernsey",1980,2983,7728,8398,26442,8403,53954,10711,19109,34840,8403,0.19852096230122,0.354172072506209,0.64573525595878,0.155743781740001
"GGY","Guernsey",1984,3125,6918,8840,27826,8525,55234,10043,18883,36666,8525,0.181826411268422,0.341872759532172,0.663830249484013,0.154343339247565
"GGY","Guernsey",1988,3336,6518,9133,29602,8931,57520,9854,18987,38735,8931,0.171314325452017,0.33009388038943,0.673417941585535,0.155267732962448
"GGY","Guernsey",1992,3656,6575,8646,31422,9230,59529,10231,18877,40068,9230,0.17186581330108,0.317105948361303,0.673083707100741,0.155050479598179
"GGY","Guernsey",1996,3438,7005,7558,32272,9138,59411,10443,18001,39830,9138,0.175775529784047,0.302991028597398,0.670414569692481,0.153809900523472
"GGY","Guernsey",2000,3248,7184,7324,33249,9280,60285,10432,17756,40573,9280,0.173044704321141,0.294534295430041,0.673019822509745,0.153935473169113
"GGY","Guernsey",2004,3154,7051,7414,33454,9717,60790,10205,17619,40868,9717,0.167873005428524,0.289833854252344,0.672281625267314,0.159845369304162
"GGY","Guernsey",2008,3077,6637,7544,33924,10055,61237,9714,17258,41468,10055,0.158629586687787,0.281823080817153,0.677172297793817,0.164198115518396
"GGY","Guernsey",2012,3210,6323,7548,33782,10996,61859,9533,17081,41330,10996,0.154108537157083,0.276127968444365,0.668132365540988,0.177759097301929
"GGY","Guernsey",2016,3106,6243,7145,33751,11950,62195,9349,16494,40896,11950,0.150317549642254,0.26519816705523,0.657544818715331,0.192137631642415
"GGY","Guernsey",2020,2761,6549,6754,34201,12850,63115,9310,16064,40955,12850,0.147508516200586,0.254519527845995,0.648894874435554,0.20359660936386
"GHA","Ghana",1952,965051,1250554,1183098,1762312,226449,5387464,2215605,3398703,2945410,226449,0.411251935975813,0.630853960230639,0.546715486173086,0.0420325778511003
"GHA","Ghana",1956,1192294,1427073,1207442,2070264,212499,6109572,2619367,3826809,3277706,212499,0.428731668928691,0.626362861424663,0.536487007600532,0.0347813234707767
"GHA","Ghana",1960,1385387,1774813,1186856,2410265,203865,6961186,3160200,4347056,3597121,203865,0.453974365862369,0.624470600268403,0.516739676256316,0.0292859578813151
"GHA","Ghana",1964,1594783,2030680,1263108,2548939,258194,7695704,3625463,4888571,3812047,258194,0.47110218896153,0.635233761589583,0.495347404214091,0.0335504068243789
"GHA","Ghana",1968,1723907,2339325,1423517,2695383,293541,8475673,4063232,5486749,4118900,293541,0.479399335014458,0.647352605509911,0.48596730902667,0.0346333559588719
"GHA","Ghana",1972,1826278,2745797,1647067,2938599,280388,9438129,4572075,6219142,4585666,280388,0.484425991634571,0.658938016210628,0.485866001619601,0.0297080067458285
"GHA","Ghana",1976,1940891,3136181,1959956,3284722,273126,10594876,5077072,7037028,5244678,273126,0.479200700414049,0.664191633767115,0.495020234309491,0.0257790652764601
"GHA","Ghana",1980,2167860,3344452,2416537,3692363,320184,11941396,5512312,7928849,6108900,320184,0.461613700776693,0.663980074021496,0.511573353735191,0.0268129454881155
"GHA","Ghana",1984,2394840,3651146,2803159,4174764,346640,13370549,6045986,8849145,6977923,346640,0.452186817459777,0.6618385677357,0.521887545530105,0.0259256370101183
"GHA","Ghana",1988,2615137,4036744,2991465,4614945,378278,14636569,6651881,9643346,7606410,378278,0.454469964921424,0.658852904666387,0.519685316961919,0.025844718116657
"GHA","Ghana",1992,2778224,4512414,3244737,5216716,432768,16184859,7290638,10535375,8461453,432768,0.450460396349452,0.650940178101026,0.522800538453872,0.0267390651966755
"GHA","Ghana",1996,2891436,4926581,3603830,5875712,512621,17810180,7818017,11421847,9479542,512621,0.438963390600207,0.641310026063746,0.532254137802089,0.0287824715977042
"GHA","Ghana",2000,3032840,5267375,4083937,6636167,616755,19637074,8300215,12384152,10720104,616755,0.422680843388379,0.630651593002094,0.5459114733692,0.031407683242422
"GHA","Ghana",2004,3356578,5548332,4574804,7664187,724341,21868242,8904910,13479714,12238991,724341,0.407207401491167,0.616405927829041,0.559669634166295,0.0331229643425384
"GHA","Ghana",2008,3618991,5962642,4999577,8847188,821472,24249870,9581633,14581210,13846765,821472,0.395121004772397,0.601290233720841,0.571003679607355,0.0338753156202487
"GHA","Ghana",2012,3895023,6514465,5264074,10163384,897267,26734213,10409488,15673562,15427458,897267,0.389369531842961,0.586273551422666,0.577067969047752,0.0335624991092874
"GHA","Ghana",2016,4192832,7080198,5582853,11511716,989088,29356687,11273030,16855883,17094569,989088,0.384002118495183,0.574175246682298,0.582305796290978,0.033692085213839
"GHA","Ghana",2020,4201059,7669005,6045267,12866379,1106045,31887755,11870064,17915331,18911646,1106045,0.372245208231185,0.561824781957839,0.593069220457822,0.0346855713109938
"GIB","Gibraltar",1952,2039,3164,3222,11495,1576,21496,5203,8425,14717,1576,0.242045031633792,0.391933382954968,0.684639002605136,0.0733159657610718
"GIB","Gibraltar",1956,2158,3298,3175,11510,1728,21869,5456,8631,14685,1728,0.249485573185788,0.394668251863368,0.671498468151264,0.0790159586629476
"GIB","Gibraltar",1960,1934,3722,2832,11540,1833,21861,5656,8488,14372,1833,0.258725584373999,0.388271350807374,0.657426467224738,0.0838479484012625
"GIB","Gibraltar",1964,2252,3684,3459,11942,2001,23338,5936,9395,15401,2001,0.254349130173965,0.402562344673922,0.659910874967864,0.0857399948581712
"GIB","Gibraltar",1968,2531,4041,4301,12495,2233,25601,6572,10873,16796,2233,0.256708722315535,0.424709972266708,0.656068122338971,0.0872231553454943
"GIB","Gibraltar",1972,2577,4508,4153,13581,2493,27312,7085,11238,17734,2493,0.25940978324546,0.411467486818981,0.64931165787932,0.0912785588752197
"GIB","Gibraltar",1976,2585,4516,4232,14064,2761,28158,7101,11333,18296,2761,0.252184103984658,0.402478869237872,0.649762056964273,0.098053839051069
"GIB","Gibraltar",1980,2503,4468,4283,14502,2942,28698,6971,11254,18785,2942,0.242908913513137,0.392152763258764,0.654575231723465,0.102515854763398
"GIB","Gibraltar",1984,2370,4382,4077,14665,3174,28668,6752,10829,18742,3174,0.235523929119576,0.377738244732803,0.65376029021906,0.110715780661365
"GIB","Gibraltar",1988,1967,4122,3937,14391,3444,27861,6089,10026,18328,3444,0.218549226517354,0.359857865833961,0.657837119988514,0.123613653494132
"GIB","Gibraltar",1992,1756,3542,3669,14355,3577,26899,5298,8967,18024,3577,0.196958994758169,0.333358117402134,0.670062084092345,0.132978921149485
"GIB","Gibraltar",1996,1981,3491,3652,14493,3894,27511,5472,9124,18145,3894,0.198902257278907,0.331649158518411,0.659554360074152,0.141543382646941
"GIB","Gibraltar",2000,1701,3615,3603,14614,4197,27730,5316,8919,18217,4197,0.191705733862243,0.32163721601154,0.656941940137036,0.151352326000721
"GIB","Gibraltar",2004,1694,3656,3691,15162,4531,28734,5350,9041,18853,4531,0.186190575624695,0.314644671817359,0.656121667710726,0.157687756664579
"GIB","Gibraltar",2008,1934,3667,3863,16312,4645,30421,5601,9464,20175,4645,0.184116235495217,0.311100884257585,0.663193188915552,0.152690575589231
"GIB","Gibraltar",2012,1943,3877,3986,16995,5243,32044,5820,9806,20981,5243,0.181625265260267,0.306016727000374,0.654755960554238,0.163618774185495
"GIB","Gibraltar",2016,2090,4020,4148,17518,5896,33672,6110,10258,21666,5896,0.181456402946068,0.304644808743169,0.64344262295082,0.175100974103112
"GIB","Gibraltar",2020,2100,4437,4370,18978,6298,36183,6537,10907,23348,6298,0.180664953154796,0.301439902716745,0.645275405577205,0.174059641267999
"GIN","Guinea",1952,497628,695926,558446,1198240,161449,3111689,1193554,1752000,1756686,161449,0.383571108809396,0.563038272783688,0.564544207342058,0.0518846838485466
"GIN","Guinea",1956,539934,757086,589527,1277021,158935,3322503,1297020,1886547,1866548,158935,0.39037436535046,0.567808968118313,0.561789710949847,0.0478359236996927
"GIN","Guinea",1960,581014,827276,629623,1361940,156903,3556756,1408290,2037913,1991563,156903,0.395947880596814,0.572969582394744,0.559938044667669,0.0441140747355174
"GIN","Guinea",1964,626549,902380,679084,1453552,158163,3819728,1528929,2208013,2132636,158163,0.400271694738474,0.578055034285164,0.558321430217021,0.0414068750445058
"GIN","Guinea",1968,678953,979209,743102,1552560,164727,4118551,1658162,2401264,2295662,164727,0.402608101732867,0.583036121198936,0.557395550036894,0.0399963482302392
"GIN","Guinea",1972,738998,1064923,806195,1645816,175360,4431292,1803921,2610116,2452011,175360,0.407086917314409,0.58901918447261,0.553339973985014,0.0395731087005776
"GIN","Guinea",1976,801169,1162440,859735,1714611,189076,4727031,1963609,2823344,2574346,189076,0.415400068245797,0.597276387652207,0.544601040272425,0.0399988914817779
"GIN","Guinea",1980,867612,1273476,924267,1774473,207594,5047422,2141088,3065355,2698740,207594,0.424194370908555,0.607311019367907,0.534676910311838,0.0411287187796067
"GIN","Guinea",1984,951333,1399958,1021851,1877002,229953,5480097,2351291,3373142,2898853,229953,0.429060106052867,0.61552596605498,0.528978410418648,0.041961483528485
"GIN","Guinea",1988,1065614,1546927,1144810,2044316,254905,6056572,2612541,3757351,3189126,254905,0.431356384436609,0.620375849572993,0.52655627638869,0.0420873391747015
"GIN","Guinea",1992,1232533,1774095,1305543,2315084,287108,6914363,3006628,4312171,3620627,287108,0.434838032079022,0.623654124031382,0.523638547759208,0.0415234201617705
"GIN","Guinea",1996,1385151,2025478,1455282,2589577,314539,7770027,3410629,4865911,4044859,314539,0.438946865950401,0.626241195815665,0.520572064936196,0.0404810691134021
"GIN","Guinea",2000,1488282,2295185,1564667,2746997,333704,8428835,3783467,5348134,4311664,333704,0.448871878498037,0.634504531171864,0.511537359552061,0.0395907619499017
"GIN","Guinea",2004,1554135,2553382,1734234,2870977,349994,9062722,4107517,5841751,4605211,349994,0.453232152547546,0.644591216634472,0.508148765900576,0.0386190815518781
"GIN","Guinea",2008,1682411,2761550,1994959,3091493,368454,9898867,4443961,6438920,5086452,368454,0.448936327763571,0.650470402319781,0.513841836646558,0.037221835589871
"GIN","Guinea",2012,1838459,2967122,2284574,3440261,391160,10921576,4805581,7090155,5724835,391160,0.440008017157963,0.649187901086803,0.524176638975913,0.0358153438661234
"GIN","Guinea",2016,1971213,3228312,2538324,3913590,421584,12073023,5199525,7737849,6451914,421584,0.430672997144129,0.640920587991922,0.534407496780218,0.0349195060756531
"GIN","Guinea",2020,2106497,3528751,2752374,4523012,460533,13371167,5635248,8387622,7275386,460533,0.421447731525603,0.627291694135598,0.544110024203572,0.0344422442708254
"GLP","Guadeloupe",1952,40297,52776,37811,83663,11097,225644,93073,130884,121474,11097,0.41247717643722,0.580046444842318,0.538343585470919,0.0491792380918615
"GLP","Guadeloupe",1956,43038,65602,40428,91047,11170,251285,108640,149068,131475,11170,0.432337783791313,0.593222834630002,0.523210697017331,0.0444515191913564
"GLP","Guadeloupe",1960,46770,75599,44030,100261,12778,279438,122369,166399,144291,12778,0.43791109297948,0.59547735096873,0.51636141111803,0.04572749590249
"GLP","Guadeloupe",1964,48551,82067,51451,104633,13921,300623,130618,182069,156084,13921,0.434491040273033,0.605638956433806,0.519201790947466,0.0463071687795012
"GLP","Guadeloupe",1968,48337,84571,59738,106927,15323,314896,132908,192646,166665,15323,0.422069508663178,0.611776586555561,0.529269981200142,0.04866051013668
"GLP","Guadeloupe",1972,45351,83344,61492,112157,17330,319674,128695,190187,173649,17330,0.40258200541802,0.594940470604428,0.543206516638826,0.0542114779431546
"GLP","Guadeloupe",1976,41379,81699,63498,118977,19751,325304,123078,186576,182475,19751,0.378347637901778,0.573543516218675,0.560936846764872,0.0607155153333497
"GLP","Guadeloupe",1980,33551,79829,66413,128948,22465,331206,113380,179793,195361,22465,0.34232471633968,0.542843426749515,0.589847406146024,0.0678278775142962
"GLP","Guadeloupe",1984,32593,74597,71417,144447,24922,347976,107190,178607,215864,24922,0.308038485412787,0.513273903947399,0.620341632756282,0.0716198818309309
"GLP","Guadeloupe",1988,35551,70016,73694,168153,28561,375975,105567,179261,241847,28561,0.280781966886096,0.476789680164905,0.643252875856107,0.0759651572577964
"GLP","Guadeloupe",1992,36638,67475,75116,186354,32548,398131,104113,179229,261470,32548,0.261504379211867,0.450175947112885,0.656743634632822,0.0817519861553107
"GLP","Guadeloupe",1996,36486,70173,66810,203747,36673,413889,106659,173469,270557,36673,0.257699528134355,0.41911961902829,0.653694589612191,0.0886058822534544
"GLP","Guadeloupe",2000,35702,69431,50138,222030,42212,419513,105133,155271,272168,42212,0.250607251741901,0.370122022440306,0.648771313403875,0.100621434854224
"GLP","Guadeloupe",2004,33555,67845,51126,211717,46546,410789,101400,152526,262843,46546,0.246842052732668,0.371300107841252,0.639849168307817,0.113308778959514
"GLP","Guadeloupe",2008,31919,65953,52751,207309,50957,408889,97872,150623,260060,50957,0.239360804521521,0.368371367290389,0.636016131517356,0.124623063961124
"GLP","Guadeloupe",2012,27877,64406,50534,207909,58285,409011,92283,142817,258443,58285,0.225624738698959,0.349176428017828,0.631872981411258,0.142502279889783
"GLP","Guadeloupe",2016,25715,57536,48057,205255,67875,404438,83251,131308,253312,67875,0.205843664541908,0.324667810640939,0.626330859118085,0.167825476340008
"GLP","Guadeloupe",2020,20600,51133,48338,206165,80880,407116,71733,120071,254503,80880,0.176197938671042,0.294930683146818,0.625136324782126,0.198665736546832
"GMB","Gambia",1952,55502,83057,62387,113430,8268,322644,138559,200946,175817,8268,0.429448556303542,0.622810280060996,0.544925676597116,0.0256257670993417
"GMB","Gambia",1956,62863,87205,68471,130047,9454,358040,150068,218539,198518,9454,0.419137526533348,0.610375935649648,0.554457602502514,0.0264048709641381
"GMB","Gambia",1960,71109,92097,76214,147960,10691,398071,163206,239420,224174,10691,0.409992187323367,0.601450495012196,0.563150794707477,0.0268570179691563
"GMB","Gambia",1964,79946,102103,82984,166584,12076,443693,182049,265033,249568,12076,0.410303971439712,0.597334192786454,0.562479011388505,0.0272170171717832
"GMB","Gambia",1968,88663,118190,87196,187553,13676,495278,206853,294049,274749,13676,0.417650289332456,0.593704949543489,0.554736935619995,0.0276127750475491
"GMB","Gambia",1972,99056,135138,93589,212050,15547,555380,234194,327783,305639,15547,0.421682451654723,0.590195901905002,0.550324102416364,0.0279934459289135
"GMB","Gambia",1976,113559,154469,109607,227492,20551,625678,268028,377635,337099,20551,0.428380093274815,0.603561256748679,0.538773938032023,0.0328459686931617
"GMB","Gambia",1980,132587,179516,131061,241863,28894,713921,312103,443164,372924,28894,0.437167417683469,0.620746553190059,0.522360317177951,0.0404722651385798
"GMB","Gambia",1984,158572,211810,154714,263638,36900,825634,370382,525096,418352,36900,0.448603134076358,0.635991250360329,0.506703939033519,0.0446929268901232
"GMB","Gambia",1988,188238,253014,183695,305214,40001,970162,441252,624947,488909,40001,0.454823008940775,0.644167675089315,0.503945732774526,0.0412312582846988
"GMB","Gambia",1992,220423,305306,217238,358297,44319,1145583,525729,742967,575535,44319,0.458918297495686,0.648549253960647,0.502394850482244,0.0386868520220709
"GMB","Gambia",1996,247608,360643,236090,413097,43982,1301420,608251,844341,649187,43982,0.467374867452475,0.648784404727144,0.498829739822655,0.0337953927248698
"GMB","Gambia",2000,264221,417234,267458,462181,43999,1455093,681455,948913,729639,43999,0.468324017777558,0.65213220048478,0.501438052413145,0.0302379298092974
"GMB","Gambia",2004,281702,466373,315505,512675,45051,1621306,748075,1063580,828180,45051,0.461402721016267,0.656002013191834,0.510810420734889,0.0277868582488438
"GMB","Gambia",2008,313005,506184,371885,578380,48402,1817856,819189,1191074,950265,48402,0.45063470373891,0.655208113293902,0.522739424904943,0.026625871356147
"GMB","Gambia",2012,349220,551435,425962,662076,54399,2043092,900655,1326617,1088038,54399,0.440829389963839,0.649318288163235,0.532544789955616,0.0266258200805446
"GMB","Gambia",2016,377110,612388,469254,765189,59829,2283770,989498,1458752,1234443,59829,0.433273928635546,0.638747334451368,0.540528599640069,0.0261974717243856
"GMB","Gambia",2020,375707,682011,507873,880559,69591,2515741,1057718,1565591,1388432,69591,0.420439941949509,0.622318036713636,0.55189783050004,0.0276622275504513
"GNB","Guinea-Bissau",1952,90405,121159,97091,225358,19907,553920,211564,308655,322449,19907,0.381939630271519,0.55721945407279,0.582121967071057,0.0359384026574235
"GNB","Guinea-Bissau",1956,91912,120922,96239,236112,21796,566981,212834,309073,332351,21796,0.375381185612922,0.545120559595471,0.586176609092721,0.0384422052943573
"GNB","Guinea-Bissau",1960,93850,119042,95444,245948,23350,577634,212892,308336,341392,23350,0.368558637476326,0.533791293448793,0.591017841747543,0.0404235207761316
"GNB","Guinea-Bissau",1964,99090,133885,88765,242386,24423,588549,232975,321740,331151,24423,0.395846395117484,0.546666462775402,0.562656635216439,0.0414969696660771
"GNB","Guinea-Bissau",1968,90481,151310,90261,221698,24430,578180,241791,332052,311959,24430,0.418193296205334,0.574305579577294,0.539553426268636,0.04225327752603
"GNB","Guinea-Bissau",1972,88164,157757,104508,210454,25749,586632,245921,350429,314962,25749,0.419208294126471,0.597357457486124,0.536898771291031,0.0438929345824981
"GNB","Guinea-Bissau",1976,122655,173229,132872,232005,33433,694194,295884,428756,364877,33433,0.426226674387851,0.617631382581814,0.525612436869233,0.0481608887429162
"GNB","Guinea-Bissau",1980,154504,218983,146076,270281,39465,829309,373487,519563,416357,39465,0.450359275010883,0.626501099107811,0.50205291393196,0.0475878110571572
"GNB","Guinea-Bissau",1984,163913,241186,150637,283394,44386,883516,405099,555736,434031,44386,0.458507825551546,0.629005020848519,0.491254261382929,0.0502379130655246
"GNB","Guinea-Bissau",1988,173750,258436,166783,294615,48464,942048,432186,598969,461398,48464,0.458772801385917,0.635815797071911,0.48978183701892,0.0514453615951629
"GNB","Guinea-Bissau",1992,184300,281331,195683,313568,49462,1024344,465631,661314,509251,49462,0.454565067984974,0.645597572690424,0.497148418890529,0.0482865131244972
"GNB","Guinea-Bissau",1996,202619,314697,227813,351312,47084,1143525,517316,745129,579125,47084,0.452387136267244,0.651607092105551,0.506438425045364,0.0411744386873921
"GNB","Guinea-Bissau",2000,215250,336068,250281,388813,44320,1234732,551318,801599,639094,44320,0.446508230126052,0.64920889715339,0.517597340961439,0.0358944289125089
"GNB","Guinea-Bissau",2004,230425,363440,275386,437119,43188,1349558,593865,869251,712505,43188,0.440044073689312,0.644100512908671,0.527954337642399,0.0320015886682899
"GNB","Guinea-Bissau",2008,250223,397073,300765,496505,43482,1488048,647296,948061,797270,43482,0.434996720535897,0.637117216648925,0.535782447878025,0.0292208315860779
"GNB","Guinea-Bissau",2012,270761,436862,330320,567290,46184,1651417,707623,1037943,897610,46184,0.428494438412587,0.628516601197638,0.543539275664475,0.0279662859229377
"GNB","Guinea-Bissau",2016,287816,481196,365244,645431,52203,1831890,769012,1134256,1010675,52203,0.419791581372244,0.619172548570056,0.551711620239207,0.0284967983885495
"GNB","Guinea-Bissau",2020,290986,525214,404193,732080,60779,2013252,816200,1220393,1136273,60779,0.405413728634071,0.60617995164043,0.564396806758419,0.0301894646075106
"GNQ","Equatorial Guinea",1952,35593,48088,40614,97208,13187,234690,83681,124295,137822,13187,0.356559717073586,0.529613532745324,0.587251267629639,0.0561890152967745
"GNQ","Equatorial Guinea",1956,39427,54015,42123,101738,14231,251534,93442,135565,143861,14231,0.371488546280026,0.538952984487187,0.571934609237717,0.0565768444822569
"GNQ","Equatorial Guinea",1960,41750,62027,44041,106864,15131,269813,103777,147818,150905,15131,0.384625648134078,0.547853513359252,0.559294770822755,0.0560795810431669
"GNQ","Equatorial Guinea",1964,44833,69853,47979,113320,15969,291954,114686,162665,161299,15969,0.39282215691513,0.557159689540133,0.552480870274084,0.0546969728107853
"GNQ","Equatorial Guinea",1968,49636,75038,56083,121365,16731,318853,124674,180757,177448,16731,0.39100776847011,0.56689759857991,0.556519775570561,0.0524724559593292
"GNQ","Equatorial Guinea",1972,49954,73429,56722,113902,15467,309474,123383,180105,170624,15467,0.39868615780324,0.581971344927199,0.551335491834532,0.0499783503622275
"GNQ","Equatorial Guinea",1976,46288,68255,51458,101555,13486,281042,114543,166001,153013,13486,0.407565417268593,0.5906626055892,0.544448872410529,0.0479857103208773
"GNQ","Equatorial Guinea",1980,48242,71996,52241,102889,13284,288652,120238,172479,155130,13284,0.416550032565165,0.597532669096351,0.537429153444286,0.0460208139905492
"GNQ","Equatorial Guinea",1984,60832,88105,68050,131946,15966,364899,148937,216987,199996,15966,0.408159518113231,0.594649478348803,0.548085908703504,0.0437545731832644
"GNQ","Equatorial Guinea",1988,78390,101410,79794,162403,17648,439645,179800,259594,242197,17648,0.408966325103208,0.590462759726598,0.55089219711358,0.0401414777832115
"GNQ","Equatorial Guinea",1992,93310,122682,87172,188545,19056,510765,215992,303164,275717,19056,0.422879406380625,0.593548892347753,0.539811850851174,0.0373087427682006
"GNQ","Equatorial Guinea",1996,105065,150722,98439,218532,20730,593488,255787,354226,316971,20730,0.43098933761087,0.596854527808481,0.5340815652549,0.0349290971342302
"GNQ","Equatorial Guinea",2000,118412,182133,119475,259866,23386,703272,300545,420020,379341,23386,0.427352432629196,0.597236915446655,0.539394430604375,0.0332531367664289
"GNQ","Equatorial Guinea",2004,142138,218313,171509,335908,32050,899918,360451,531960,507417,32050,0.400537604537302,0.591120524314438,0.563848039488042,0.0356143559746555
"GNQ","Equatorial Guinea",2008,175337,244070,212535,414852,37722,1084516,419407,631942,627387,37722,0.386722740835543,0.582694953324801,0.578494923080895,0.0347823360835617
"GNQ","Equatorial Guinea",2012,204654,290515,237169,518567,42543,1293448,495169,732338,755736,42543,0.382828687353492,0.566190523314428,0.584280156604672,0.0328911560418355
"GNQ","Equatorial Guinea",2016,227447,350284,253780,626906,49737,1508154,577731,831511,880686,49737,0.383071622659224,0.551343563057884,0.583949649704208,0.0329787276365676
"GNQ","Equatorial Guinea",2020,243737,406720,284408,721824,59756,1716445,650457,934865,1006232,59756,0.378955923434774,0.544651882233337,0.586230260800667,0.0348138157645599
"GRC","Greece",1952,749664,1422331,1561727,3513369,528225,7775316,2171995,3733722,5075096,528225,0.279344916656764,0.480201962209639,0.652718937725489,0.0679361456177472
"GRC","Greece",1956,746517,1416252,1520907,3816890,560205,8060771,2162769,3683676,5337797,560205,0.268307957142065,0.45698804742127,0.662194348406623,0.0694976944513124
"GRC","Greece",1960,783253,1452542,1410902,4133614,603960,8384271,2235795,3646697,5544516,603960,0.266665402394555,0.434945029806408,0.661299712282678,0.0720348853227669
"GRC","Greece",1964,751342,1450181,1395189,4248059,659041,8503812,2201523,3596712,5643248,659041,0.258886602855284,0.422952906296611,0.663613918087559,0.077499479057157
"GRC","Greece",1968,751529,1448971,1395195,4305531,816460,8717686,2200500,3595695,5700726,816460,0.252417900805328,0.41245979724436,0.653926512150128,0.0936555870445437
"GRC","Greece",1972,737144,1456659,1326436,4354721,974163,8849123,2193803,3520239,5681157,974163,0.247911911722777,0.397806539698906,0.642002263953162,0.11008582432406
"GRC","Greece",1976,691427,1484394,1366306,4503014,1114859,9160000,2175821,3542127,5869320,1114859,0.237535043668122,0.386695087336245,0.640755458515284,0.121709497816594
"GRC","Greece",1980,745654,1510974,1422757,4739307,1234590,9653282,2256628,3679385,6162064,1234590,0.233767955810262,0.38115378790343,0.638338753596963,0.127893290592775
"GRC","Greece",1984,724012,1507716,1494736,4977475,1274351,9978290,2231728,3726464,6472211,1274351,0.223658362304563,0.373457175528071,0.648629274154189,0.127712363541248
"GRC","Greece",1988,581723,1500216,1535985,5216648,1342271,10176843,2081939,3617924,6752633,1342271,0.204576114616291,0.355505533494032,0.663529249689712,0.131894635693997
"GRC","Greece",1992,534452,1387922,1571497,5370569,1495306,10359746,1922374,3493871,6942066,1495306,0.185561885397576,0.337254504116221,0.670100019826741,0.144338094775683
"GRC","Greece",1996,525707,1260952,1594375,5511451,1676814,10569299,1786659,3381034,7105826,1676814,0.169042336677201,0.319891981483351,0.67230816348369,0.158649499839109
"GRC","Greece",2000,523269,1182839,1557615,5683131,1834645,10781499,1706108,3263723,7240746,1834645,0.15824404380133,0.302715141929708,0.67158991527987,0.1701660409188
"GRC","Greece",2004,532934,1130649,1440718,5861239,1980438,10945978,1663583,3104301,7301957,1980438,0.151981211729094,0.283601976908779,0.667090414396959,0.180928373873947
"GRC","Greece",2008,539893,1081184,1293586,6089572,2070826,11075061,1621077,2914663,7383158,2070826,0.146371834881993,0.263173539179604,0.666647163388084,0.186981001729923
"GRC","Greece",2012,548362,1072489,1175008,6055028,2194930,11045817,1620851,2795859,7230036,2194930,0.146738896724434,0.253114731124008,0.654549681567239,0.198711421708326
"GRC","Greece",2016,477754,1077960,1091203,5822751,2302884,10772552,1555714,2646917,6913954,2302884,0.14441461967415,0.245709373229296,0.641812079440415,0.213773300885436
"GRC","Greece",2020,455917,1060215,1108297,5678984,2392774,10696187,1516132,2624429,6787281,2392774,0.141745091031037,0.245361174033326,0.634551452774713,0.223703456194249
"GRD","Grenada",1952,14077,23507,13305,24252,3811,78952,37584,50889,37557,3811,0.47603607255041,0.644556186037086,0.475694092613233,0.0482698348363563
"GRD","Grenada",1956,15176,25495,16117,25310,3719,85817,40671,56788,41427,3719,0.4739270773856,0.661733689129194,0.482736520735985,0.0433364018784157
"GRD","Grenada",1960,18719,25780,19150,26758,3667,94074,44499,63649,45908,3667,0.4730212385994,0.676584391011331,0.487998809447881,0.0389799519527181
"GRD","Grenada",1964,19322,26484,20707,27576,3683,97772,45806,66513,48283,3683,0.468498138526367,0.680286789673935,0.493832590107597,0.0376692713660353
"GRD","Grenada",1968,17416,29158,19138,28836,3549,98097,46574,65712,47974,3549,0.474774967634076,0.669867580048319,0.489046555959917,0.0361784764060063
"GRD","Grenada",1972,15419,29507,18823,31176,3868,98793,44926,63749,49999,3868,0.45474881823611,0.64527851163544,0.506098610225421,0.0391525715384693
"GRD","Grenada",1976,13527,27778,20186,31363,4801,97655,41305,61491,51549,4801,0.422968613998259,0.629675899851518,0.527868516717014,0.0491628692847268
"GRD","Grenada",1980,11988,25246,21704,29587,6029,94554,37234,58938,51291,6029,0.393785561689617,0.623326353195,0.542451932229202,0.0637625060811811
"GRD","Grenada",1984,10926,23045,22312,32635,6600,95518,33971,56283,54947,6600,0.355650243933081,0.589239724449842,0.575252831926967,0.0690969241399527
"GRD","Grenada",1988,11473,21166,20982,37748,6953,98322,32639,53621,58730,6953,0.331960293728769,0.545361160269319,0.597323081304286,0.0707166249669453
"GRD","Grenada",1992,11802,21677,18931,41816,7391,101617,33479,52410,60747,7391,0.329462589920978,0.515760158241239,0.59780351712804,0.0727338929509826
"GRD","Grenada",1996,10993,24141,17645,43696,8122,104597,35134,52779,61341,8122,0.335898735145367,0.504593822002543,0.586450854231001,0.0776504106236316
"GRD","Grenada",2000,10529,24838,19223,43744,9129,107463,35367,54590,62967,9129,0.329108623433182,0.507988796143789,0.585941207671478,0.0849501688953407
"GRD","Grenada",2004,9353,22020,22438,45601,9923,109335,31373,53811,68039,9923,0.286943796588467,0.49216627795308,0.622298440572552,0.0907577628389811
"GRD","Grenada",2008,8895,19021,22961,49525,10504,110906,27916,50877,72486,10504,0.251708654175608,0.458739833733071,0.65358050962076,0.0947108362036319
"GRD","Grenada",2012,8827,17487,20860,54589,11022,112785,26314,47174,75449,11022,0.23331116726515,0.418264840182648,0.668963071330407,0.0977257614044421
"GRD","Grenada",2016,8281,17127,18966,59018,11743,115135,25408,44374,77984,11743,0.220680071220741,0.385408433577974,0.677326616580536,0.101993312198723
"GRD","Grenada",2020,7112,17204,17496,61752,12767,116331,24316,41812,79248,12767,0.209024249770053,0.359422681830295,0.68122856332362,0.109747186906328
"GRL","Greenland",1952,3969,6126,4930,8692,477,24194,10095,15025,13622,477,0.417252211292056,0.621021740927503,0.563032156733074,0.0197156319748698
"GRL","Greenland",1956,4971,6691,5060,9974,503,27199,11662,16722,15034,503,0.428765763447186,0.614802014779955,0.552740909592264,0.01849332696055
"GRL","Greenland",1960,6277,7815,5726,11650,655,32123,14092,19818,17376,655,0.438688789963578,0.616941132521869,0.540920835538399,0.0203903744980232
"GRL","Greenland",1964,7304,9548,6183,13356,834,37225,16852,23035,19539,834,0.452706514439221,0.618804566823371,0.524889187374077,0.0224042981867025
"GRL","Greenland",1968,7516,11558,6887,15783,1057,42801,19074,25961,22670,1057,0.445643793369314,0.606551248802598,0.529660521950422,0.0246956846802645
"GRL","Greenland",1972,6115,13503,7655,18676,1330,47279,19618,27273,26331,1330,0.414941094354788,0.576852302290658,0.556928023012331,0.0281308826328814
"GRL","Greenland",1976,4358,13235,9718,20709,1592,49612,17593,27311,30427,1592,0.354611787470773,0.550491816496009,0.613299201806015,0.0320890107232121
"GRL","Greenland",1980,4255,10420,11547,22122,1786,50130,14675,26222,33669,1786,0.292738878914821,0.523079992020746,0.671633752244165,0.0356273688410134
"GRL","Greenland",1984,4883,8260,12693,24890,1906,52632,13143,25836,37583,1906,0.249715002279982,0.490880072959416,0.714071287429701,0.0362137102903177
"GRL","Greenland",1988,5386,8311,11034,28068,2020,54819,13697,24731,39102,2020,0.249858625658987,0.451139203560809,0.713292836425327,0.0368485379156862
"GRL","Greenland",1992,5679,9219,8160,30439,2272,55769,14898,23058,38599,2272,0.26713765712134,0.413455503953809,0.692122863956678,0.0407394789219817
"GRL","Greenland",1996,5544,9903,6889,31090,2594,56020,15447,22336,37979,2594,0.275740806854695,0.398714744734024,0.677954302034988,0.0463048911103177
"GRL","Greenland",2000,4806,10337,7374,30865,2846,56228,15143,22517,38239,2846,0.269314220672974,0.400458846126485,0.680070427544995,0.0506153517820303
"GRL","Greenland",2004,4376,10046,8358,31042,3104,56926,14422,22780,39400,3104,0.253346449776903,0.400168639988757,0.692126620524892,0.0545269296982047
"GRL","Greenland",2008,4156,9029,9005,30836,3657,56683,13185,22190,39841,3657,0.232609424342395,0.391475398267558,0.702873877529418,0.0645166981281866
"GRL","Greenland",2012,4109,8225,9084,31256,4123,56797,12334,21418,40340,4123,0.217159357008293,0.377097381903974,0.710248780745462,0.0725918622462454
"GRL","Greenland",2016,3940,7796,8307,31574,4465,56082,11736,20043,39881,4465,0.209265004814379,0.357387397025784,0.711119432259905,0.0796155629257159
"GRL","Greenland",2020,4119,7589,7490,31938,4969,56105,11708,19198,39428,4969,0.208680153284021,0.342179841368862,0.702753765261563,0.0885660814544158
"GTM","Guatemala",1952,628887,817412,650609,1091185,73537,3261630,1446299,2096908,1741794,73537,0.443428285857071,0.642901861952459,0.534025625224198,0.0225460889187308
"GTM","Guatemala",1956,706191,953330,666316,1225445,79883,3631165,1659521,2325837,1891761,79883,0.457021644568616,0.640520879662588,0.52097907971684,0.0219992757145434
"GTM","Guatemala",1960,777991,1117920,715536,1362791,89410,4063648,1895911,2611447,2078327,89410,0.466553943648662,0.642636123994992,0.511443658505855,0.0220023978454827
"GTM","Guatemala",1964,849413,1282915,831886,1504086,102798,4571098,2132328,2964214,2335972,102798,0.466480482369881,0.648468704893223,0.511030828916816,0.0224886887133026
"GTM","Guatemala",1968,937357,1429416,983229,1651737,116374,5118113,2366773,3350002,2634966,116374,0.46243078259507,0.654538498856903,0.514831540452507,0.0227376769524237
"GTM","Guatemala",1972,1036424,1578197,1134015,1803066,131127,5682829,2614621,3748636,2937081,131127,0.460091443891766,0.659642582945924,0.516834309109072,0.0230742469991619
"GTM","Guatemala",1976,1137862,1725270,1260229,1983135,155880,6262376,2863132,4123361,3243364,155880,0.457195799166323,0.658433955418838,0.517912690007754,0.0248915108259229
"GTM","Guatemala",1980,1257742,1883669,1370279,2201138,187299,6900127,3141411,4511690,3571417,187299,0.455268576940685,0.653856081199665,0.517587140062784,0.0271442829965304
"GTM","Guatemala",1984,1388382,2101709,1476962,2440659,222824,7630536,3490091,4967053,3917621,222824,0.457384776115335,0.650944180068084,0.513413605544879,0.0292016183397864
"GTM","Guatemala",1988,1505713,2383651,1632825,2738667,271062,8531918,3889364,5522189,4371492,271062,0.455860452479736,0.647238874072629,0.512369199985279,0.0317703475349857
"GTM","Guatemala",1992,1652169,2651837,1833236,3052083,332726,9522051,4304006,6137242,4885319,332726,0.452004090295253,0.644529419134596,0.513053227713231,0.0349426819915163
"GTM","Guatemala",1996,1783038,2947776,2092903,3373954,385677,10583348,4730814,6823717,5466857,385677,0.447005427772006,0.644759767891975,0.516552701470272,0.0364418707577224
"GTM","Guatemala",2000,1882564,3245751,2383043,3748957,437184,11697499,5128315,7511358,6132000,437184,0.438411236453194,0.642133673189457,0.524214620578296,0.0373741429685098
"GTM","Guatemala",2004,1936353,3511381,2673379,4203056,483183,12807352,5447734,8121113,6876435,483183,0.425359902655912,0.63409774323373,0.536913094916108,0.0377270024279804
"GTM","Guatemala",2008,1933012,3705935,2979619,4782115,534447,13935128,5638947,8618566,7761734,534447,0.404656993462852,0.618477706125125,0.556990506294596,0.0383525002425525
"GTM","Guatemala",2012,1947154,3799725,3288177,5454507,600027,15089590,5746879,9035056,8742684,600027,0.380850573143472,0.598760867591498,0.579385125772138,0.03976430108439
"GTM","Guatemala",2016,2007726,3830789,3518110,6226245,685833,16268703,5838515,9356625,9744355,685833,0.358880176250067,0.575130359193354,0.59896323634404,0.0421565874058922
"GTM","Guatemala",2020,1988128,3879461,3658869,7041960,788839,17357257,5867589,9526458,10700829,788839,0.338048172012433,0.548845822816359,0.616504612451149,0.045447215536418
"GUF","French Guiana",1952,3688,4376,3531,10629,1798,24022,8064,11595,14160,1798,0.335692282074765,0.48268254100408,0.589459661976522,0.0748480559487137
"GUF","French Guiana",1956,3891,5875,3515,11449,1749,26479,9766,13281,14964,1749,0.368820574795121,0.501567279731108,0.565127081838438,0.0660523433664413
"GUF","French Guiana",1960,4527,7286,4053,13355,1884,31105,11813,15866,17408,1884,0.379778170712104,0.510078765471789,0.559652788940685,0.0605690403472111
"GUF","French Guiana",1964,5202,8602,5929,15187,2047,36967,13804,19733,21116,2047,0.373414126112479,0.533800416587767,0.571212162198718,0.0553737116888035
"GUF","French Guiana",1968,5995,10109,8183,17184,2233,43704,16104,24287,25367,2233,0.368478857770456,0.555715723961194,0.580427420831045,0.051093721398499
"GUF","French Guiana",1972,6877,11706,8880,19350,2429,49242,18583,27463,28230,2429,0.377381097437147,0.557714958775029,0.573291092969416,0.0493278095934365
"GUF","French Guiana",1976,7351,13521,10355,22849,2666,56742,20872,31227,33204,2666,0.367840400408868,0.550333086602517,0.585175002643544,0.0469845969475873
"GUF","French Guiana",1980,7852,14768,12776,27946,3024,66366,22620,35396,40722,3024,0.340837175662237,0.53334538769852,0.613597323930928,0.0455655004068348
"GUF","French Guiana",1984,9902,16689,15501,35672,3495,81259,26591,42092,51173,3495,0.327237598296804,0.517998006374679,0.629751781341144,0.0430106203620522
"GUF","French Guiana",1988,12751,20807,18783,45510,4032,101883,33558,52341,64293,4032,0.329377815729808,0.513736344630606,0.631047377874621,0.0395748063955714
"GUF","French Guiana",1992,16235,25109,20613,54712,4588,121257,41344,61957,75325,4588,0.340961758908764,0.510956068515632,0.6212012502371,0.0378369908541363
"GUF","French Guiana",1996,19132,29436,22030,63393,5189,139180,48568,70598,85423,5189,0.348958183647076,0.507242419887915,0.613759160798965,0.0372826555539589
"GUF","French Guiana",2000,21388,35287,25233,72720,6005,160633,56675,81908,97953,6005,0.352822894423935,0.509907677749902,0.609793753462863,0.0373833521132021
"GUF","French Guiana",2004,26469,43603,31108,85215,7261,193656,70072,101180,116323,7261,0.361837485024993,0.522472838435163,0.600668195150163,0.0374943198248441
"GUF","French Guiana",2008,31549,52601,35628,97864,8464,226106,84150,119778,133492,8464,0.372170574863117,0.529742687058282,0.590395655135202,0.0374337700016806
"GUF","French Guiana",2012,30781,57421,38704,108415,10461,245782,88202,126906,147119,10461,0.358862732014549,0.516335614487635,0.598575160101228,0.0425621078842226
"GUF","French Guiana",2016,31661,61895,43539,120670,13510,271275,93556,137095,164209,13510,0.344875126716432,0.505372776702608,0.60532301170399,0.0498018615795779
"GUF","French Guiana",2020,31240,60951,47887,130998,17982,289058,92191,140078,178885,17982,0.318935992084634,0.484601706231967,0.618855039473047,0.0622089684423195
"GUM","Guam",1952,8424,10058,15152,27502,760,61896,18482,33634,42654,760,0.298597647667054,0.543395372883547,0.689123691353238,0.0122786609797079
"GUM","Guam",1956,9730,13141,11742,29454,918,64985,22871,34613,41196,918,0.35194275602062,0.532630607063168,0.633930907132415,0.0141263368469647
"GUM","Guam",1960,11209,16826,12149,28274,1085,69543,28035,40184,40423,1085,0.403131875242656,0.577829544310714,0.581266266913996,0.0156018578433487
"GUM","Guam",1964,12027,19271,14168,30361,1194,77021,31298,45466,44529,1194,0.40635670791083,0.590306539774867,0.578141026473299,0.015502265615871
"GUM","Guam",1968,12256,21159,18223,31557,1385,84580,33415,51638,49780,1385,0.395069756443604,0.610522582170726,0.588555213998581,0.0163750295578151
"GUM","Guam",1972,12560,23362,19285,35754,1669,92630,35922,55207,55039,1669,0.387800928424916,0.59599481809349,0.594181150815071,0.018017920760013
"GUM","Guam",1976,13148,23596,21374,40840,2219,101177,36744,58118,62214,2219,0.363165541575655,0.574419087341985,0.614902596439902,0.0219318619844431
"GUM","Guam",1980,13574,24473,23077,46037,2993,110154,38047,61124,69114,2993,0.345398260616954,0.554895873050457,0.627430687945967,0.027171051437079
"GUM","Guam",1984,14276,25491,25371,52506,3672,121316,39767,65138,77877,3672,0.327796828118303,0.536928352401992,0.641935111609351,0.0302680602723466
"GUM","Guam",1988,15409,24977,27827,60004,4598,132815,40386,68213,87831,4598,0.304077099725182,0.513594097052291,0.661303316643451,0.0346195836313669
"GUM","Guam",1992,16937,26731,26309,67401,6020,143398,43668,69977,93710,6020,0.304523075635643,0.487991464316099,0.653495864656411,0.0419810597079457
"GUM","Guam",1996,17269,29202,25152,73373,7179,152175,46471,71623,98525,7179,0.305378675866601,0.470662066699524,0.647445375390176,0.0471759487432233
"GUM","Guam",2000,17402,31049,25335,77925,8363,160074,48451,73786,103260,8363,0.302678761073004,0.460949310943689,0.645076652048428,0.0522445868785687
"GUM","Guam",2004,16656,31929,25624,79853,9747,163809,48585,74209,105477,9747,0.29659542515979,0.453021506754818,0.643902349687746,0.0595022251524642
"GUM","Guam",2008,15975,30947,27199,81138,10438,165697,46922,74121,108337,10438,0.283179538555315,0.447328557547813,0.653825959431975,0.06299450201271
"GUM","Guam",2012,16200,28666,27648,81751,12071,166336,44866,72514,109399,12071,0.269731146594844,0.435948922662563,0.657698874567141,0.0725699788380146
"GUM","Guam",2016,15281,27234,26042,80918,14740,164215,42515,68557,106960,14740,0.258898395396279,0.417483177541637,0.651341229485735,0.0897603751179856
"GUM","Guam",2020,15051,26832,23772,79039,17437,162131,41883,65655,102811,17437,0.258328142057965,0.404950317952767,0.63412302397444,0.107548833967594
"GUY","Guyana",1952,80695,107647,76234,160825,15830,441231,188342,264576,237059,15830,0.426855773959672,0.599631485548386,0.537267327091705,0.0358768989486233
"GUY","Guyana",1956,94939,131196,83202,174607,16631,500575,226135,309337,257809,16631,0.451750486940019,0.61796334215652,0.515025720421515,0.0332237926384658
"GUY","Guyana",1960,105323,161150,93936,189216,19528,569153,266473,360409,283152,19528,0.468192208421988,0.633237459874586,0.497497158057675,0.0343106335203364
"GUY","Guyana",1964,112937,183890,104973,198007,21961,621768,296827,401800,302980,21961,0.477391888936066,0.646221741871566,0.487287862997131,0.0353202480668031
"GUY","Guyana",1968,116915,202672,126158,206126,24293,676164,319587,445745,332284,24293,0.472647168438426,0.659226164066706,0.491425157210381,0.0359276743511929
"GUY","Guyana",1972,119091,212799,147705,215834,26190,721619,331890,479595,363539,26190,0.459924142795575,0.664609717870511,0.503782466925067,0.0362933902793579
"GUY","Guyana",1976,117967,215992,161714,228864,27709,752246,333959,495673,390578,27709,0.443949186835158,0.658924075368962,0.519215788452182,0.0368350247126605
"GUY","Guyana",1980,113419,215545,168255,247656,29486,774361,328964,497219,415911,29486,0.424819948318678,0.642102326950867,0.537102204269068,0.0380778474122535
"GUY","Guyana",1984,105026,203464,170778,265299,29543,774110,308490,479268,436077,29543,0.398509255790521,0.619121313508416,0.563326917363165,0.0381638268463138
"GUY","Guyana",1988,98119,186926,166511,278431,29677,759664,285045,451556,444942,29677,0.375225099517682,0.594415425767181,0.585708945007266,0.0390659554750521
"GUY","Guyana",1992,99164,174900,157529,288674,29642,749909,274064,431593,446203,29642,0.365463009511821,0.575527163962561,0.595009527822709,0.0395274626654701
"GUY","Guyana",1996,104227,172877,150128,304075,29216,760523,277104,427232,454203,29216,0.364359789250292,0.561760788299631,0.597224541532603,0.0384156692171045
"GUY","Guyana",2000,100799,179028,140453,315148,29396,764824,279827,420280,455601,29396,0.365871102371265,0.549512044601111,0.595693911278935,0.0384349863498007
"GUY","Guyana",2004,87645,185059,134722,324310,30675,762411,272704,407426,459032,30675,0.357686339782611,0.534391555211034,0.602079455831566,0.0402342043858234
"GUY","Guyana",2008,78308,174544,139024,329809,32915,754600,252852,391876,468833,32915,0.335080837529817,0.519316194010072,0.621300026504108,0.0436191359660747
"GUY","Guyana",2012,78355,153566,147282,330429,36640,746272,231921,379203,477711,36640,0.31077274773809,0.508129743578749,0.640129872218172,0.0490973800437374
"GUY","Guyana",2016,81044,148985,153897,337899,41697,763522,230029,383926,491796,41697,0.301273571684902,0.502835543704045,0.644115035323147,0.0546113929919505
"GUY","Guyana",2020,83173,154764,153079,368006,48427,807449,237937,391016,521085,48427,0.294677434735816,0.484260925457831,0.645347260322324,0.0599753049418601
"HKG","Hong Kong",1952,372949,314705,447701,978744,50697,2164796,687654,1135355,1426445,50697,0.317653025966419,0.524462813124193,0.658928139187249,0.0234188348463319
"HKG","Hong Kong",1956,433920,506113,415200,1177713,61307,2594253,940033,1355233,1592913,61307,0.362352091334191,0.522398162399735,0.61401605780161,0.0236318508641987
"HKG","Hong Kong",1960,513325,743055,376158,1377902,84407,3094847,1256380,1632538,1754060,84407,0.405958679055863,0.527502005753435,0.566767920999003,0.0272733999451346
"HKG","Hong Kong",1964,501712,876594,506514,1174051,77010,3135881,1378306,1884820,1680565,77010,0.43952752033639,0.60104959339975,0.53591478758282,0.0245576920807901
"HKG","Hong Kong",1968,489767,974401,427627,1074606,98764,3065165,1464168,1891795,1502233,98764,0.477679994388557,0.617191896684191,0.490098575443736,0.0322214301677071
"HKG","Hong Kong",1972,380090,1039569,850854,1653474,193108,4117095,1419659,2270513,2504328,193108,0.344820559156395,0.551484238279661,0.608275495221752,0.0469039456218523
"HKG","Hong Kong",1976,402251,952082,1041812,1900343,248601,4545089,1354333,2396145,2942155,248601,0.2979772233283,0.527194296965362,0.647326157969624,0.054696618702076
"HKG","Hong Kong",1980,393396,867340,1164588,2218807,318312,4962443,1260736,2425324,3383395,318312,0.254055512577172,0.488735890769929,0.681800274582499,0.0641442128403288
"HKG","Hong Kong",1984,413399,847816,1093601,2578849,382233,5315898,1261215,2354816,3672450,382233,0.237253423598421,0.442976144388023,0.690842826555363,0.071903749846216
"HKG","Hong Kong",1988,373385,844507,950459,2896739,449644,5514734,1217892,2168351,3847198,449644,0.220843289993679,0.393192309910143,0.697621680392926,0.0815350296133957
"HKG","Hong Kong",1992,354738,819116,873975,3186956,524430,5759215,1173854,2047829,4060931,524430,0.203821875029843,0.355574327403995,0.705118839980796,0.0910592849893605
"HKG","Hong Kong",1996,349626,819483,897853,3589456,644678,6301096,1169109,2066962,4487309,644678,0.185540578972293,0.328032139170709,0.712147378805211,0.102312042222496
"HKG","Hong Kong",2000,304868,833583,937827,3883395,743317,6702990,1138451,2076278,4821222,743317,0.169842264422295,0.309754005302111,0.71926438798208,0.110893347595625
"HKG","Hong Kong",2004,260918,781024,942866,4067404,834513,6886725,1041942,1984808,5010270,834513,0.151297169554469,0.28820782011769,0.72752578330048,0.121177047145051
"HKG","Hong Kong",2008,245719,672359,927213,4277951,895832,7019074,918078,1845291,5205164,895832,0.130797595238346,0.262896644201215,0.741574173459348,0.127628231302306
"HKG","Hong Kong",2012,280079,560609,898121,4465745,994590,7199144,840688,1738809,5363866,994590,0.116776105603666,0.241529965229199,0.745069969429699,0.138153924966635
"HKG","Hong Kong",2016,294333,557211,805835,4565712,1181743,7404834,851544,1657379,5371547,1181743,0.114998391591223,0.223823923669322,0.725410859986868,0.159590748421909
"HKG","Hong Kong",2020,258849,585837,642920,4592577,1403378,7483561,844686,1487606,5235497,1403378,0.112872200814559,0.19878317287719,0.699599695920164,0.187528103265277
"HND","Honduras",1952,314260,401206,302596,566577,61178,1645817,715466,1018062,869173,61178,0.434717833149129,0.618575455229834,0.528110354917953,0.0371718119329184
"HND","Honduras",1956,358824,474787,329312,614367,63372,1840662,833611,1162923,943679,63372,0.452886515829631,0.631796060330468,0.512684566748268,0.0344289174221014
"HND","Honduras",1960,399812,569507,356456,669625,66659,2062059,969319,1325775,1026081,66659,0.47007335871573,0.642937471721226,0.497600214154881,0.0323264271293886
"HND","Honduras",1964,442832,663945,406474,722840,73763,2309854,1106777,1513251,1129314,73763,0.479154526649736,0.65512841937196,0.488911420375487,0.0319340529747768
"HND","Honduras",1968,493826,750330,490077,778393,80423,2593049,1244156,1734233,1268470,80423,0.479804276741396,0.668800705270128,0.489180883199662,0.0310148400589422
"HND","Honduras",1972,554341,845099,584830,850574,87226,2922070,1399440,1984270,1435404,87226,0.478920765074074,0.679063129904485,0.491228478441653,0.0298507564842731
"HND","Honduras",1976,622000,943124,666164,963919,99248,3294455,1565124,2231288,1630083,99248,0.475078275465896,0.677285924378994,0.494795952593069,0.0301257719410343
"HND","Honduras",1980,705433,1056728,735948,1109857,119199,3727165,1762161,2498109,1845805,119199,0.472788567181759,0.670243737532414,0.495230288972986,0.031981143845255
"HND","Honduras",1984,771346,1200642,812905,1280162,134775,4199830,1971988,2784893,2093067,134775,0.469539957569711,0.66309660152911,0.498369457811388,0.0320905846189012
"HND","Honduras",1988,828179,1354260,911277,1460009,153922,4707647,2182439,3093716,2371286,153922,0.463594445377914,0.657168220132053,0.503709390275014,0.0326961643470719
"HND","Honduras",1992,900173,1507066,1055337,1645777,163047,5271400,2407239,3462576,2701114,163047,0.456660280001518,0.656860795993474,0.512409227150283,0.0309304928481997
"HND","Honduras",1996,981877,1644987,1228141,1872628,176296,5903929,2626864,3855005,3100769,176296,0.444934889969036,0.652955853635774,0.525204317328342,0.0298607927026223
"HND","Honduras",2000,1043390,1791127,1395235,2153613,194389,6577754,2834517,4229752,3548848,194389,0.430924750302307,0.643038946120515,0.539522761112684,0.0295524885850094
"HND","Honduras",2004,1084108,1941445,1541037,2516307,216080,7298977,3025553,4566590,4057344,216080,0.4145174042883,0.625647950390856,0.555878447075529,0.0296041486361719
"HND","Honduras",2008,1076489,2071814,1685935,2938390,239935,8012563,3148303,4834238,4624325,239935,0.39292084193285,0.603332292051869,0.577134307711528,0.0299448503556228
"HND","Honduras",2012,1076420,2131789,1841976,3390535,274330,8715050,3208209,5050185,5232511,274330,0.368122844963597,0.579478603106121,0.600399423984946,0.031477731051457
"HND","Honduras",2016,1084182,2142723,1988296,3864423,332726,9412350,3226905,5215201,5852719,332726,0.342837336053164,0.554080649359618,0.621812724771178,0.0353499391756575
"HND","Honduras",2020,1114144,2142399,2084340,4374567,404161,10119611,3256543,5340883,6458907,404161,0.321805156344448,0.527775524177757,0.638256450766734,0.0399383928888176
"HRV","Croatia",1952,411611,675418,774143,1826855,269361,3957388,1087029,1861172,2600998,269361,0.274683452822923,0.470303139343425,0.657251197001659,0.0680653501754187
"HRV","Croatia",1956,410862,704081,737830,1969578,287751,4110102,1114943,1852773,2707408,287751,0.271268936877966,0.450785162995955,0.658720391854022,0.0700106712680123
"HRV","Croatia",1960,379283,755294,666671,2093943,305054,4200245,1134577,1801248,2760614,305054,0.270121623857656,0.428843555554497,0.657250707994415,0.0726276681479295
"HRV","Croatia",1964,354623,772778,656022,2194324,339981,4317728,1127401,1783423,2850346,339981,0.261109778105522,0.413046630079523,0.660149504554247,0.0787407173402308
"HRV","Croatia",1968,336935,736459,707701,2247873,394838,4423806,1073394,1781095,2955574,394838,0.242640387033247,0.402615982708103,0.66810660322808,0.089253009738673
"HRV","Croatia",1972,320819,688941,774486,2266220,447398,4497864,1009760,1784246,3040706,447398,0.224497672673073,0.396687405399541,0.676033334934093,0.0994689923928336
"HRV","Croatia",1976,327908,658517,761331,2321142,502821,4571719,986425,1747756,3082473,502821,0.215766760817977,0.382297337172298,0.674248132923305,0.109985106258718
"HRV","Croatia",1980,334108,646417,725144,2403798,534381,4643848,980525,1705669,3128942,534381,0.211144938421757,0.36729647482002,0.673782173749012,0.115072887829231
"HRV","Croatia",1984,333511,654737,691912,2555611,498652,4734423,988248,1680160,3247523,498652,0.208736735183992,0.354881682519707,0.685938497679654,0.105324767136354
"HRV","Croatia",1988,307555,668135,673183,2621126,535955,4805954,975690,1648873,3294309,535955,0.20301692442333,0.34308963423287,0.685464113888731,0.11151896168794
"HRV","Croatia",1992,277253,639237,651354,2625407,588914,4782165,916490,1567844,3276761,588914,0.191647506934621,0.327852343028733,0.685204504654273,0.123147988411107
"HRV","Croatia",1996,243055,566134,614070,2492751,646207,4562217,809189,1423259,3106821,646207,0.177367494794746,0.31196652855399,0.680989308487518,0.141643196717736
"HRV","Croatia",2000,233090,498731,570894,2334813,688506,4326034,731821,1302715,2905707,688506,0.169166724071054,0.301133786743239,0.671679186987435,0.159154088941511
"HRV","Croatia",2004,204751,485933,554630,2321674,742965,4309953,690684,1245314,2876304,742965,0.160253255661953,0.288939113721194,0.667363193983786,0.172383550354261
"HRV","Croatia",2008,206307,459804,527605,2347302,773448,4314466,666111,1193716,2874907,773448,0.154390137736628,0.276677577248262,0.666341327061101,0.179268535202271
"HRV","Croatia",2012,211704,425315,496639,2350373,774918,4258949,637019,1133658,2847012,774918,0.149571877944535,0.266182572273112,0.668477598581246,0.181950523474219
"HRV","Croatia",2016,192128,410895,454582,2265687,812855,4136147,603023,1057605,2720269,812855,0.145793415949675,0.255698117112375,0.657681895735331,0.196524688314995
"HRV","Croatia",2020,171018,400398,407920,2117948,856305,3953589,571416,979336,2525868,856305,0.144530956556182,0.247708095100426,0.638879762160407,0.216589281283411
"HTI","Haiti",1952,537983,824975,625103,1260665,117531,3366257,1362958,1988061,1885768,117531,0.40488827798947,0.590585032574756,0.560197275490255,0.0349144465202746
"HTI","Haiti",1956,578854,877331,685694,1333182,119745,3594806,1456185,2141879,2018876,119745,0.405080274151095,0.595826033449371,0.561609166113554,0.0333105597353515
"HTI","Haiti",1960,620743,947443,743879,1420117,126264,3858446,1568186,2312065,2163996,126264,0.406429427805909,0.599221811060722,0.560846516965638,0.0327240552284521
"HTI","Haiti",1964,662425,1031484,791794,1518624,141917,4146244,1693909,2485703,2310418,141917,0.408540597224862,0.599507168415559,0.557231557042953,0.0342278457321856
"HTI","Haiti",1968,709998,1119199,850951,1620176,165002,4465326,1829197,2680148,2471127,165002,0.409644670960194,0.600213287898801,0.553403491704749,0.0369518373350568
"HTI","Haiti",1972,759418,1210096,926533,1727474,190344,4813865,1969514,2896047,2654007,190344,0.409133617166248,0.601605362842539,0.551325598038167,0.0395407847955853
"HTI","Haiti",1976,825446,1306082,1009524,1843546,213755,5198353,2131528,3141052,2853070,213755,0.410039102769666,0.6042398428887,0.548841142569579,0.041119754660755
"HTI","Haiti",1980,896335,1416271,1092280,1976132,233475,5614493,2312606,3404886,3068412,233475,0.411899346922331,0.606445853614921,0.546516310555557,0.041584342522112
"HTI","Haiti",1984,969795,1545674,1178008,2127575,248185,6069237,2515469,3693477,3305583,248185,0.4144621473836,0.608557055853973,0.544645562531172,0.0408922900852282
"HTI","Haiti",1988,1057199,1689774,1273900,2298427,258849,6578149,2746973,4020873,3572327,258849,0.417590571451027,0.611246872030415,0.543059605369231,0.0393498231797425
"HTI","Haiti",1992,1140109,1846805,1388007,2494965,266690,7136576,2986914,4374921,3882972,266690,0.418536003820319,0.613028012312907,0.544094534970271,0.0373694612094091
"HTI","Haiti",1996,1172041,2019897,1522206,2716474,276941,7707559,3191938,4714144,4238680,276941,0.414130855177365,0.611626067345057,0.549938054317846,0.0359310905047889
"HTI","Haiti",2000,1194039,2164215,1671624,2976136,297136,8303150,3358254,5029878,4647760,297136,0.404455417522266,0.605779493324823,0.559758645815142,0.0357859366625919
"HTI","Haiti",2004,1209658,2254543,1840371,3275915,329778,8910265,3464201,5304572,5116286,329778,0.388787651096797,0.595332686513813,0.574201328467784,0.0370110204354192
"HTI","Haiti",2008,1225880,2305548,2008463,3622992,367896,9530779,3531428,5539891,5631455,367896,0.370528788884938,0.581263189504237,0.590870379010992,0.0386008321040704
"HTI","Haiti",2012,1243438,2328229,2112578,3986124,399399,10069768,3571667,5684245,6098702,399399,0.35469208426649,0.564486192730557,0.605644737793363,0.0396631779401472
"HTI","Haiti",2016,1251569,2370914,2177486,4426642,444849,10671460,3622483,5799969,6604128,444849,0.339455238552176,0.543502857153567,0.618858900281686,0.0416858611661385
"HTI","Haiti",2020,1249462,2416143,2216085,4863579,498574,11243843,3665605,5881690,7079664,498574,0.326009977193741,0.523103177445647,0.62964806605713,0.0443419567491293
"HUN","Hungary",1952,873335,1509961,1511151,4844469,764991,9503907,2383296,3894447,6355620,764991,0.250770130642061,0.409773264826771,0.668737604439942,0.0804922649179964
"HUN","Hungary",1956,948869,1603430,1442207,5038065,821402,9853973,2552299,3994506,6480272,821402,0.259012177118813,0.405370097929028,0.65763037913743,0.083357443743757
"HUN","Hungary",1960,799910,1727665,1433610,5119983,902187,9983355,2527575,3961185,6553593,902187,0.253178916306192,0.396778938543205,0.656451964294568,0.09036911939924
"HUN","Hungary",1964,659045,1752525,1511965,5173499,1017308,10114342,2411570,3923535,6685464,1017308,0.238430735286586,0.387917968366108,0.660988525007361,0.100580739706053
"HUN","Hungary",1968,667990,1586154,1619866,5225309,1145187,10244506,2254144,3874010,6845175,1145187,0.220034426257352,0.378154886140923,0.668180095750835,0.111785477991813
"HUN","Hungary",1972,735771,1350575,1772974,5275222,1239706,10374248,2086346,3859320,7048196,1239706,0.201108167069073,0.372009614576401,0.679393436517037,0.119498396413889
"HUN","Hungary",1976,830337,1366100,1666315,5352059,1358893,10573704,2196437,3862752,7018374,1358893,0.207726355873022,0.365316827480701,0.663757373953347,0.128516270173631
"HUN","Hungary",1980,843884,1503702,1429892,5486817,1430992,10695287,2347586,3777478,6916709,1430992,0.219497242102994,0.35319089613958,0.646706254820464,0.133796503076542
"HUN","Hungary",1984,679517,1626381,1325532,5657951,1294833,10584214,2305898,3631430,6983483,1294833,0.217861997121373,0.343098693960647,0.659801757598628,0.122336245279999
"HUN","Hungary",1988,620024,1589924,1376461,5491608,1362377,10440394,2209948,3586409,6868069,1362377,0.21167285449189,0.343512802294626,0.657836188940762,0.130490956567348
"HUN","Hungary",1992,614688,1381639,1571742,5379179,1424057,10371305,1996327,3568069,6950921,1424057,0.192485612948419,0.34403279047333,0.670206979738808,0.137307407312773
"HUN","Hungary",1996,574794,1269181,1608182,5372133,1477714,10302004,1843975,3452157,6980315,1477714,0.178991873814066,0.335095676530508,0.677568655574197,0.143439470611737
"HUN","Hungary",2000,496591,1219397,1504245,5451153,1518907,10190293,1715988,3220233,6955398,1518907,0.168394372958658,0.316009853691155,0.682551326051174,0.149054300990168
"HUN","Hungary",2004,477096,1115811,1338526,5603387,1550597,10085417,1592907,2931433,6941913,1550597,0.157941610148594,0.290660564654887,0.688311945852115,0.153746443999291
"HUN","Hungary",2008,485414,1015289,1266585,5638836,1610032,10016156,1500703,2767288,6905421,1610032,0.149828237499496,0.276282438093017,0.689428259703623,0.160743502796881
"HUN","Hungary",2012,467184,968393,1205235,5590771,1684334,9915917,1435577,2640812,6796006,1684334,0.144775011731139,0.266320502682707,0.68536334057657,0.169861647692291
"HUN","Hungary",2016,458303,965351,1104925,5473059,1808251,9809889,1423654,2528579,6577984,1808251,0.145124373986291,0.257758166274868,0.670546221267132,0.184329404746578
"HUN","Hungary",2020,469070,950225,1019545,5351887,1957872,9748599,1419295,2438840,6371432,1957872,0.145589638059787,0.25017338388829,0.653574118701569,0.200836243238644
"IDN","Indonesia",1952,10760270,18143506,15115667,26498797,1358115,71876355,28903776,44019443,41614464,1358115,0.402131911113189,0.612432878656688,0.578972932058116,0.0188951568286956
"IDN","Indonesia",1956,12688402,18473664,16395335,30004624,1720383,79282408,31162066,47557401,46399959,1720383,0.393051457266535,0.599848089881427,0.585249113523393,0.0216994292100714
"IDN","Indonesia",1960,14890631,20212502,17208303,33824140,2160321,88295897,35103133,52311436,51032443,2160321,0.397562448456693,0.592456023183048,0.577970718163722,0.024466833379585
"IDN","Indonesia",1964,16962281,23643272,17610615,37938814,2678571,98833553,40605553,58216168,55549429,2678571,0.410847852449461,0.589032431121848,0.562050308967441,0.0271018385830974
"IDN","Indonesia",1968,18622380,27845153,18363324,41386522,3232574,109449953,46467533,64830857,59749846,3232574,0.42455507495741,0.592333347096092,0.545910202446592,0.0295347225959978
"IDN","Indonesia",1972,20029219,31896813,21017601,45164515,3931561,122039709,51926032,72943633,66182116,3931561,0.425484724811987,0.597704088265238,0.542299850944417,0.032215424243596
"IDN","Indonesia",1976,21012443,35477537,25100759,48889709,4693035,135173483,56489980,81590739,73990468,4693035,0.41790726070142,0.603600182441108,0.547374132543437,0.0347186067551429
"IDN","Indonesia",1980,22025776,38381893,29253000,53835456,5454228,148950353,60407669,89660669,83088456,5454228,0.405555729028719,0.6019500269328,0.55782651283814,0.0366177581331412
"IDN","Indonesia",1984,22879374,40710443,33136081,60376422,6148587,163250907,63589817,96725898,93512503,6148587,0.389521982870209,0.592498380422474,0.572814600043845,0.0376634170859461
"IDN","Indonesia",1988,22478270,42812712,36416096,68222660,6925080,176854818,65290982,101707078,104638756,6925080,0.369178418424541,0.575087968482713,0.591664717893069,0.0391568636823906
"IDN","Indonesia",1992,22211011,43977720,38977306,76902735,7974680,190043452,66188731,105166037,115880041,7974680,0.348282091823927,0.553378903052129,0.609755504756881,0.0419624034191928
"IDN","Indonesia",1996,22436997,44036175,41219285,86180127,9331411,203203995,66473172,107692457,127399412,9331411,0.327125320543034,0.529972144494502,0.626953284063141,0.0459213953938258
"IDN","Indonesia",2000,22827686,43730787,43067311,95621108,10830450,216077342,66558473,109625784,138688419,10830450,0.308030783718174,0.507345115343005,0.641846191351243,0.0501230249305825
"IDN","Indonesia",2004,22479481,44412070,43491375,105136403,12406789,227926118,66891551,110382926,148627778,12406789,0.293479095712936,0.484292572385232,0.652087524256435,0.0544333800306291
"IDN","Indonesia",2008,23393804,44705606,43187675,115022872,13847239,240157196,68099410,111287085,158210547,13847239,0.283561813404917,0.463392673022382,0.658779123153986,0.0576590634410971
"IDN","Indonesia",2012,24342408,45241727,43525673,124497478,15090261,252697547,69584135,113109808,168023151,15090261,0.275365296680145,0.447609441970563,0.664918013628363,0.0597166896914911
"IDN","Indonesia",2016,24310678,46539712,44056746,133449504,16269509,264626149,70850390,114907136,177506250,16269509,0.267737675463055,0.434224419749236,0.6707812159561,0.0614811085808455
"IDN","Indonesia",2020,22922409,48074428,44455681,141202835,18158085,274813438,70996837,115452518,185658516,18158085,0.258345579883907,0.420112345452336,0.675580194881154,0.0660742252349392
"IMN","Isle of Man",1952,3977,6913,6442,29529,7800,54661,10890,17332,35971,7800,0.199227968752859,0.317081648707488,0.658074312581182,0.142697718665959
"IMN","Isle of Man",1956,3460,6966,5518,27992,8149,52085,10426,15944,33510,8149,0.200172794470577,0.306115004319862,0.643371412114812,0.156455793414611
"IMN","Isle of Man",1960,3024,6719,4977,25549,8617,48886,9743,14720,30526,8617,0.199300413206235,0.301108701877838,0.624432352820849,0.176267233972917
"IMN","Isle of Man",1964,3297,6325,5811,24995,9222,49650,9622,15433,30806,9222,0.193796576032226,0.310835850956697,0.620463242698892,0.185740181268882
"IMN","Isle of Man",1968,3505,6724,6825,25580,10281,52915,10229,17054,32405,10281,0.193310025512615,0.322290465841444,0.61239724085798,0.194292733629406
"IMN","Isle of Man",1972,3850,7730,7320,26933,11558,57391,11580,18900,34253,11558,0.201773797285289,0.32931992821174,0.596835740795595,0.201390461919116
"IMN","Isle of Man",1976,3752,8681,7488,28383,12467,60771,12433,19921,35871,12467,0.204587714534893,0.327804380378799,0.590265093547909,0.205147191917197
"IMN","Isle of Man",1980,3596,8867,8714,29690,13233,64100,12463,21177,38404,13233,0.194430577223089,0.330374414976599,0.599126365054602,0.206443057722309
"IMN","Isle of Man",1984,3601,8301,9103,30432,13110,64547,11902,21005,39535,13110,0.184392768060483,0.325421785675554,0.612499419027995,0.203107812911522
"IMN","Isle of Man",1988,3724,7847,9676,32083,13366,66696,11571,21247,41759,13366,0.173488664987406,0.318564831474151,0.626109511814801,0.200401823197793
"IMN","Isle of Man",1992,4212,8148,9381,35241,13392,70374,12360,21741,44622,13392,0.175633046295507,0.308935118083383,0.634069400630915,0.190297553073578
"IMN","Isle of Man",1996,4236,8517,8715,37468,13124,72060,12753,21468,46183,13124,0.176977518734388,0.297918401332223,0.640896475159589,0.182126006106023
"IMN","Isle of Man",2000,4348,9259,8547,40742,12769,75665,13607,22154,49289,12769,0.17983215489328,0.292790590101104,0.651410824026961,0.168757021079759
"IMN","Isle of Man",2004,4254,9565,9062,42655,13248,78784,13819,22881,51717,13248,0.17540363525589,0.290426990251828,0.656440393988627,0.168155970755483
"IMN","Isle of Man",2008,4394,9374,9561,44594,14092,82015,13768,23329,54155,14092,0.167871730780955,0.284447966835335,0.66030604157776,0.171822227641285
"IMN","Isle of Man",2012,4673,9230,9728,45024,15658,84313,13903,23631,54752,15658,0.164897465396795,0.280277062849145,0.649389773818984,0.185712760784221
"IMN","Isle of Man",2016,4142,9196,9230,43656,17211,83435,13338,22568,52886,17211,0.159860969617067,0.270486007071373,0.633858692395278,0.206280337987655
"IMN","Isle of Man",2020,3641,9097,8817,44141,18330,84026,12738,21555,52958,18330,0.151595934591674,0.256527741413372,0.630257301311499,0.218146764096827
"IND","India",1952,56927620,81413047,68748614,143336019,11448642,361873942,138340667,207089281,212084633,11448642,0.382289662072435,0.572269116299068,0.586073238177509,0.0316370997500561
"IND","India",1956,65800963,90120647,72646919,155336719,13083064,396988312,155921610,228568529,227983638,13083064,0.392761210561786,0.575756318488288,0.574282998034461,0.032955791403753
"IND","India",1960,72054476,104883767,76028777,168639767,14383142,435989929,176938243,252967020,244668544,14383142,0.405831032395246,0.580212989277557,0.56117934779177,0.0329896198129843
"IND","India",1964,78286845,121208843,81116228,181784513,16832740,479229169,199495688,280611916,262900741,16832740,0.416284527121512,0.585548489432621,0.548590857999297,0.0351246148791915
"IND","India",1968,83565982,133617657,93006150,193661252,18865351,522716392,217183639,310189789,286667402,18865351,0.415490392732891,0.59341890506468,0.548418619326558,0.0360909879405504
"IND","India",1972,89736510,144785217,108437090,206213040,21309560,570481417,234521727,342958817,314650130,21309560,0.411094419575108,0.601174388472675,0.551551936002851,0.0373536444220408
"IND","India",1976,97026510,156370991,123242760,224967222,24253260,625860743,253397501,376640261,348209982,24253260,0.404878407591703,0.601795631396552,0.556369745018502,0.0387518473897955
"IND","India",1980,104218688,169331287,135571218,251100376,27130723,687352292,273549975,409121193,386671594,27130723,0.397976377155952,0.595213252013132,0.562552272685227,0.0394713501588207
"IND","India",1984,113424786,183771065,146765814,280834273,30077134,754873072,297195851,443961665,427600087,30077134,0.393703076747186,0.588127569345857,0.566452961246974,0.0398439620058404
"IND","India",1988,121608649,200417896,158674890,313461857,33175279,827338571,322026545,480701435,472136747,33175279,0.389231877115034,0.581021424419967,0.570669328796469,0.0400987940884966
"IND","India",1992,126138812,218131324,172699086,349116445,36865935,902951602,344270136,516969222,521815531,36865935,0.381271969879068,0.572532592948431,0.577899778730333,0.0408282513905989
"IND","India",1996,129045328,233679454,188171610,387402606,41372415,979671413,362724782,550896392,575574216,41372415,0.370251471245084,0.562327719978086,0.587517619032536,0.0422309097223806
"IND","India",2000,131844129,244280020,205461381,429676594,46651167,1057913291,376124149,581585530,635137975,46651167,0.355534004724022,0.549747824276082,0.600368650628854,0.0440973446471238
"IND","India",2004,134597232,251413872,222564049,474865133,52540433,1135980719,386011104,608575153,697429182,52540433,0.339804274442091,0.535726656994431,0.613944559388248,0.046251166169661
"IND","India",2008,130894520,258547712,235193915,525047429,58233667,1207917243,389442232,624636147,760241344,58233667,0.322408040995239,0.517118329603976,0.629381978281769,0.0482099807229923
"IND","India",2012,127971644,260943340,244284097,580347566,65110649,1278657296,388914984,633199081,824631663,65110649,0.304158890123754,0.495206247194479,0.644919999736974,0.0509211101392722
"IND","India",2016,123220138,258260507,252031817,634610114,75798704,1343921280,381480645,633512462,886641931,75798704,0.283856391499359,0.471391049035253,0.659742459766691,0.0564011487339497
"IND","India",2020,118580632,250944247,257891451,685197445,89973922,1402587697,369524879,627416330,943088896,89973922,0.263459375688506,0.447327701035724,0.672392106402456,0.0641485179090374
"IRL","Ireland",1952,308321,538324,439237,1339442,316097,2941421,846645,1285882,1778679,316097,0.287835369367391,0.437163534223765,0.604700585193347,0.107464045439262
"IRL","Ireland",1956,296632,558796,399911,1310861,317503,2883703,855428,1255339,1710772,317503,0.296642199283352,0.435321876073923,0.593255269353328,0.11010253136332
"IRL","Ireland",1960,295800,577888,384566,1252378,317010,2827642,873688,1258254,1636944,317010,0.308981122787114,0.444983488008737,0.578907796672988,0.112111080539899
"IRL","Ireland",1964,307924,576008,428898,1225324,318963,2857117,883932,1312830,1654222,318963,0.309378999879949,0.459494658426659,0.578982939795605,0.111638060324446
"IRL","Ireland",1968,312529,595118,466396,1221904,326779,2922726,907647,1374043,1688300,326779,0.310548097905859,0.470123781702424,0.577645663671518,0.111806238422623
"IRL","Ireland",1972,323490,623024,502175,1254569,333815,3037073,946514,1448689,1756744,333815,0.311653358348647,0.477001705260295,0.578433248064831,0.109913393586522
"IRL","Ireland",1976,341209,659575,548169,1333315,346033,3228301,1000784,1548953,1881484,346033,0.310003311339308,0.479804392465263,0.582809347703327,0.107187340957364
"IRL","Ireland",1980,348519,689070,595290,1414991,367270,3415140,1037589,1632879,2010281,367270,0.303820341186599,0.47812944710905,0.588637947492636,0.107541711320766
"IRL","Ireland",1984,346543,695535,610078,1486109,377583,3515848,1042078,1652156,2096187,377583,0.296394497145497,0.46991678821155,0.596210928345025,0.107394574509478
"IRL","Ireland",1988,300860,688021,605490,1536377,394232,3524980,988881,1594371,2141867,394232,0.280535208710404,0.452306396064659,0.607625291491016,0.11183949979858
"IRL","Ireland",1992,268141,658767,611282,1614011,406092,3558293,926908,1538190,2225293,406092,0.260492320334497,0.432283120024124,0.62538217060821,0.114125509057292
"IRL","Ireland",1996,251354,605845,636109,1731264,413796,3638368,857199,1493308,2367373,413796,0.235599862355869,0.410433469071848,0.65066892628783,0.1137312113563
"IRL","Ireland",2000,267763,560477,640263,1908635,425293,3802431,828240,1468503,2548898,425293,0.217818548186673,0.386201090828473,0.670333794354191,0.111847657459136
"IRL","Ireland",2004,291867,554105,634311,2135304,450289,4065876,845972,1480283,2769615,450289,0.208066355196273,0.364074802084471,0.681185309143712,0.110748335660015
"IRL","Ireland",2008,326063,591328,661048,2420884,486427,4485750,917391,1578439,3081932,486427,0.204512288914897,0.351878504152037,0.68704943431979,0.108438276765312
"IRL","Ireland",2012,356031,632485,567291,2488528,555460,4599795,988516,1555807,3055819,555460,0.214904359868212,0.338233986514616,0.664338084632032,0.120757555499756
"IRL","Ireland",2016,329920,675598,577858,2533535,636209,4753120,1005518,1583376,3111393,636209,0.211549045679469,0.33312350624432,0.654600136331504,0.133850817989026
"IRL","Ireland",2020,307873,693692,630851,2624612,724949,4981977,1001565,1632416,3255463,724949,0.201037660350499,0.327664298731207,0.653448018728308,0.145514320921193
"IRN","Iran",1952,2934661,3613268,3257931,6664574,873977,17344411,6547929,9805860,9922505,873977,0.37752386056811,0.565361372029295,0.572086593197082,0.0503895462348073
"IRN","Iran",1956,3507964,4239888,3356420,7209629,890476,19204377,7747852,11104272,10566049,890476,0.403441986168049,0.578215684893085,0.550189626042022,0.0463683877899293
"IRN","Iran",1960,4047004,5296348,3396879,7843540,886647,21470418,9343352,12740231,11240419,886647,0.435173269565595,0.593385326731878,0.5235305153351,0.0412962150993055
"IRN","Iran",1964,4421763,6507967,3765378,8663032,904708,24262848,10929730,14695108,12428410,904708,0.450471848976674,0.605662946081186,0.512240360241304,0.037287790782022
"IRN","Iran",1968,4820739,7470177,4706222,9475391,964846,27437375,12290916,16997138,14181613,964846,0.44796253285892,0.619488489696992,0.516872076865954,0.0351653902751265
"IRN","Iran",1972,5297218,8354853,5839882,10374176,1055030,30921159,13652071,19491953,16214058,1055030,0.441512266729717,0.630375885975037,0.524367731494153,0.0341200017761301
"IRN","Iran",1976,5715604,9260712,6943420,11760803,1156720,34837259,14976316,21919736,18704223,1156720,0.429893637728502,0.629203807337426,0.536902831534479,0.0332035307370192
"IRN","Iran",1980,7054986,10187247,7837808,13503938,1258321,39842300,17242233,25080041,21341746,1258321,0.432761989142193,0.629482760784392,0.535655471697166,0.0315825391606408
"IRN","Iran",1984,8907464,11770559,9079367,16605835,1430749,47793974,20678023,29757390,25685202,1430749,0.432649166189863,0.62261803130244,0.537415072452439,0.0299357613576975
"IRN","Iran",1988,9783318,14474586,9876735,19218964,1719058,55072661,24257904,34134639,29095699,1719058,0.440470889903068,0.61981096210332,0.528314747674894,0.0312143624220373
"IRN","Iran",1992,9243917,17458062,10810184,21620888,2051896,61184947,26701979,37512163,32431072,2051896,0.436414188607534,0.613094639111153,0.530049850333285,0.0335359610591801
"IRN","Iran",1996,6947696,18654893,12242875,22665775,2370007,62881246,25602589,37845464,34908650,2370007,0.407157787554019,0.6018561400644,0.555152008279225,0.0376902041667559
"IRN","Iran",2000,5243855,17042595,15833161,25510735,2788234,66418580,22286450,38119611,41343896,2788234,0.33554541515341,0.573929930450184,0.622474855680444,0.041979729166146
"IRN","Iran",2004,5391390,13845270,18120477,29648055,3250994,70256186,19236660,37357137,47768532,3250994,0.273807348437617,0.531727369885977,0.679919231596204,0.0462734199661792
"IRN","Iran",2008,6023881,12116879,17869327,35778737,3725183,75514007,18140760,36010087,53648064,3725183,0.240230398580226,0.476866324945516,0.710438581282013,0.0493310201377607
"IRN","Iran",2012,6689046,11787090,15372273,41212868,4309048,79370325,18476136,33848409,56585141,4309048,0.232783927746296,0.426461766409549,0.712925655778781,0.0542904164749231
"IRN","Iran",2016,7452345,12467058,12754817,45898838,5238826,83811884,19919403,32674220,58653655,5238826,0.237668001831339,0.389851873512353,0.699825039131682,0.0625069590369786
"IRN","Iran",2020,7145535,13709977,11566214,48959879,6341425,87723030,20855512,32421726,60526093,6341425,0.237742722749089,0.369591953219126,0.689968107576768,0.0722891696741437
"IRQ","Iraq",1952,955992,1347536,1010993,2438750,159735,5913006,2303528,3314521,3449743,159735,0.389569704478568,0.560547545529296,0.583416116946271,0.0270141785751613
"IRQ","Iraq",1956,1105918,1511212,1113001,2595777,181587,6507495,2617130,3730131,3708778,181587,0.402171649766923,0.573205357822019,0.56992406448257,0.0279042857505077
"IRQ","Iraq",1960,1014958,1779088,1234375,2757660,235971,7022052,2794046,4028421,3992035,235971,0.397895942667471,0.573681453797266,0.568499777557899,0.03360427977463
"IRQ","Iraq",1964,1366566,1928119,1378068,2954220,302594,7929567,3294685,4672753,4332288,302594,0.415493683324701,0.58928223949681,0.546346099351957,0.0381602173233419
"IRQ","Iraq",1968,1726499,2182908,1606886,3186902,381815,9085010,3909407,5516293,4793788,381815,0.43031400075509,0.607186233146689,0.527659077975698,0.0420269212692116
"IRQ","Iraq",1972,1980690,2681364,1846891,3458109,463108,10430162,4662054,6508945,5305000,463108,0.446978100627775,0.624050230475807,0.508621054974985,0.0444008443972395
"IRQ","Iraq",1976,2227236,3399117,1976809,3789041,535440,11927643,5626353,7603162,5765850,535440,0.471707025436627,0.63744043982537,0.483402294988205,0.0448906795751684
"IRQ","Iraq",1980,2444567,3921566,2354191,4273160,598501,13591985,6366133,8720324,6627351,598501,0.468374045439279,0.641578400800177,0.487592577537424,0.0440333770232972
"IRQ","Iraq",1984,2683976,4411716,2972158,4596978,645890,15310718,7095692,10067850,7569136,645890,0.46344606438444,0.657568769799039,0.494368454830139,0.042185480785421
"IRQ","Iraq",1988,2924406,4783742,3508297,5031796,660569,16908810,7708148,11216445,8540093,660569,0.455865788307989,0.663349165316779,0.50506765408092,0.0390665576110915
"IRQ","Iraq",1992,3171860,5039416,3843939,5604824,640795,18300834,8211276,12055215,9448763,640795,0.448683158374094,0.658724897455493,0.516302317151229,0.0350145244746769
"IRQ","Iraq",1996,3691721,5826554,4452092,6831790,699138,21501295,9518275,13970367,11283882,699138,0.44268380113849,0.649745375801783,0.524800110877042,0.0325160879844679
"IRQ","Iraq",2000,4043601,6623828,4938185,8066098,752310,24424022,10667429,15605614,13004283,752310,0.436759719590819,0.638945297379768,0.532438228232844,0.0308020521763369
"IRQ","Iraq",2004,4371312,7456615,5484468,9438523,826909,27577827,11827927,17312395,14922991,826909,0.428892639003066,0.62776501571353,0.541122801299754,0.0299845596971799
"IRQ","Iraq",2008,4465447,7636686,5814446,10188943,865468,28970990,12102133,17916579,16003389,865468,0.417732807888167,0.618431713931764,0.552393584064611,0.0298736080472224
"IRQ","Iraq",2012,5244846,8538046,6780364,12083564,1007967,33654787,13782892,20563256,18863928,1007967,0.4095373415972,0.611005382384384,0.560512476278635,0.0299501821241656
"IRQ","Iraq",2016,5830666,9586834,7682960,14182093,1187014,38469567,15417500,23100460,21865053,1187014,0.400771342188489,0.600486613223382,0.568372734738605,0.0308559230729059
"IRQ","Iraq",2020,5508542,10704110,8288039,16200629,1415226,42116546,16212652,24500691,24488668,1415226,0.384947331625913,0.581735525035695,0.581450055282311,0.0336026130917763
"ISL","Iceland",1952,19101,27661,23938,65832,11241,147773,46762,70700,89770,11241,0.316444817388833,0.478436520879998,0.607485805932071,0.0760693766790956
"ISL","Iceland",1956,20948,33609,23274,70883,12375,161089,54557,77831,94157,12375,0.338676135552397,0.483155274413523,0.584502976615411,0.0768208878321921
"ISL","Iceland",1960,23012,38234,25509,74664,14148,175567,61246,86755,100173,14148,0.348846878969282,0.494141837589069,0.570568500914181,0.0805846201165367
"ISL","Iceland",1964,23399,42235,30428,77153,15823,189038,65634,96062,107581,15823,0.347200033855627,0.508162380050572,0.569097218548652,0.0837027475957215
"ISL","Iceland",1968,22827,44978,35625,80851,17234,201515,67805,103430,116476,17234,0.336476192839243,0.513262040046647,0.578001637595216,0.085522169565541
"ISL","Iceland",1972,20643,45461,39328,85016,18759,209207,66104,105432,124344,18759,0.315974130884722,0.503960192536579,0.594358697366723,0.0896671717485553
"ISL","Iceland",1976,21535,43447,42671,92054,20484,220191,64982,107653,134725,20484,0.295116512482345,0.488907357703085,0.61185516210926,0.0930283254083954
"ISL","Iceland",1980,20858,41908,44040,98827,22505,228138,62766,106806,142867,22505,0.275122951897536,0.468164005996371,0.626230614803321,0.0986464332991435
"ISL","Iceland",1984,21872,41504,43868,108212,24047,239503,63376,107244,152080,24047,0.264614639482595,0.447777272100976,0.634981607746041,0.100403752771364
"ISL","Iceland",1988,20561,42434,43026,117576,26121,249718,62995,106021,160602,26121,0.252264554417383,0.42456290695905,0.643133454536717,0.1046019910459
"ISL","Iceland",1992,22850,41921,41748,126359,28185,261063,64771,106519,168107,28185,0.248104863576991,0.408020286291049,0.643932690576604,0.107962445846405
"ISL","Iceland",1996,22295,42628,42260,131134,30622,268939,64923,107183,173394,30622,0.241404184592045,0.398540189410982,0.64473356411677,0.113862251291185
"ISL","Iceland",2000,21424,44076,42855,140381,32529,281265,65500,108355,183236,32529,0.232876468810552,0.385241675999502,0.651471032656036,0.115652498533412
"ISL","Iceland",2004,20986,44705,43050,149078,34323,292142,65691,108741,192128,34323,0.224859828439594,0.372219673994154,0.657652785289346,0.11748738627106
"ISL","Iceland",2008,22527,43801,46779,167642,36738,317487,66328,113107,214421,36738,0.208915640640404,0.356257106590191,0.675369385203174,0.115714974156422
"ISL","Iceland",2012,23502,42926,47210,166227,40954,320819,66428,113638,213437,40954,0.207057562052123,0.354212188180875,0.665287903771285,0.127654534176592
"ISL","Iceland",2016,21691,45046,47089,175025,46683,335534,66737,113826,222114,46683,0.198897876221188,0.339238348423707,0.661971663080344,0.139130460698469
"ISL","Iceland",2020,21613,47045,47914,196651,53357,366580,68658,116572,244565,53357,0.187293360248786,0.317998799716297,0.667153145288886,0.145553494462327
"ISR","Israel",1952,219236,255501,226898,654825,57758,1414218,474737,701635,881723,57758,0.335688698630621,0.496129309625532,0.623470356055431,0.0408409453139474
"ISR","Israel",1956,235673,354798,243123,754275,72765,1660634,590471,833594,997398,72765,0.355569619795813,0.501973342711278,0.60061277801129,0.0438176021928974
"ISR","Israel",1960,223804,442959,272661,857478,95032,1891934,666763,939424,1130139,95032,0.352424027476646,0.496541634116201,0.597345890501466,0.0502300820218887
"ISR","Israel",1964,271289,504619,366080,965188,124667,2231843,775908,1141988,1331268,124667,0.347653486378746,0.511679360958634,0.596488193838007,0.0558583197832464
"ISR","Israel",1968,329466,565043,503179,1084180,163579,2645447,894509,1397688,1587359,163579,0.338131514258271,0.528337177044182,0.600034323121953,0.0618341626197765
"ISR","Israel",1972,376833,628598,612671,1245402,215872,3079376,1005431,1618102,1858073,215872,0.326504785385091,0.52546424989998,0.603392700339289,0.0701025142756195
"ISR","Israel",1976,425713,689699,626335,1386001,270459,3398207,1115412,1741747,2012336,270459,0.328235448870537,0.512548823541356,0.592175815069535,0.0795887360599281
"ISR","Israel",1980,447536,776667,638712,1530457,328177,3721549,1224203,1862915,2169169,328177,0.328949853945226,0.500575163728867,0.582867241570647,0.0881829044841274
"ISR","Israel",1984,457431,858412,677958,1681848,357994,4033643,1315843,1993801,2359806,357994,0.326217020197375,0.494292876191572,0.58503095092947,0.0887520288731551
"ISR","Israel",1988,478724,897018,744914,1796073,390378,4307107,1375742,2120656,2540987,390378,0.31941207868762,0.492362042549674,0.589952141890136,0.0906357794222433
"ISR","Israel",1992,518178,984570,878167,2108298,467726,4956939,1502748,2380915,2986465,467726,0.30316047867444,0.480319608532604,0.602481692835034,0.0943578284905261
"ISR","Israel",1996,561700,1047624,971061,2380171,538560,5499116,1609324,2580385,3351232,538560,0.292651400697858,0.4692363281662,0.609412858357598,0.0979357409445445
"ISR","Israel",2000,618635,1111112,1051830,2735348,593454,6110379,1729747,2781577,3787178,593454,0.283083422484923,0.455221681011931,0.619794287719305,0.0971222897957721
"ISR","Israel",2004,670594,1175048,1089074,3023007,656369,6614092,1845642,2934716,4112081,656369,0.279046919819077,0.443706558662928,0.62171511977759,0.0992379604033328
"ISR","Israel",2008,712040,1258346,1121449,3293984,695839,7081658,1970386,3091835,4415433,695839,0.278237949361576,0.43659761598202,0.623502716454254,0.0982593341841699
"ISR","Israel",2012,783525,1357182,1157051,3523213,785431,7606402,2140707,3297758,4680264,785431,0.281434901810343,0.433550317219626,0.61530589627001,0.103259201919646
"ISR","Israel",2016,843230,1476248,1234052,3731914,922899,8208343,2319478,3553530,4965966,922899,0.282575667220534,0.43291685057508,0.604990069250274,0.112434263529192
"ISR","Israel",2020,874255,1592885,1335800,3936737,1058518,8798195,2467140,3802940,5272537,1058518,0.280414334985756,0.432240931236464,0.599274851262105,0.120310813752139
"ITA","Italy",1952,4236212,8073703,7962033,22827144,3918953,47018045,12309915,20271948,30789177,3918953,0.261812565792559,0.43115250751068,0.654837456555244,0.0833499776521971
"ITA","Italy",1956,4039714,8044705,7859946,24134361,4323034,48401760,12084419,19944365,31994307,4323034,0.249668999639683,0.412058673073045,0.661015363904123,0.089315636456195
"ITA","Italy",1960,4157185,8227387,7505273,24918355,4706081,49514281,12384572,19889845,32423628,4706081,0.250121212504328,0.401699158269106,0.654833865001493,0.095044922494179
"ITA","Italy",1964,4466920,8011107,7712912,25724847,5103439,51019225,12478027,20190939,33437759,5103439,0.244575000894271,0.395751581879184,0.655395275016428,0.100029724089302
"ITA","Italy",1968,4682201,8298935,7712939,26403212,5614436,52711723,12981136,20694075,34116151,5614436,0.246266584759523,0.392589614268538,0.6472213211471,0.106512094093377
"ITA","Italy",1972,4404519,8891470,7778325,26759524,6233128,54066966,13295989,21074314,34537849,6233128,0.245917054047383,0.389781701455192,0.638797616274603,0.115285329678014
"ITA","Italy",1976,4222813,9117250,7909040,27352532,6856975,55458610,13340063,21249103,35261572,6856975,0.240540882651044,0.383152462710479,0.635817810796196,0.123641306552761
"ITA","Italy",1980,3596903,8962238,8584800,27814283,7452842,56411066,12559141,21143941,36399083,7452842,0.222636122494122,0.374819029301804,0.645247210892983,0.132116666612895
"ITA","Italy",1984,3107777,8196403,9115936,29020068,7368720,56808904,11304180,20420116,38136004,7368720,0.198986060354201,0.359452736493561,0.671303287245253,0.129710652400546
"ITA","Italy",1988,2831669,7158829,9133540,29695060,8107629,56926727,9990498,19124038,38828600,8107629,0.175497495227505,0.335941288175588,0.682080317036319,0.142422187736175
"ITA","Italy",1992,2674663,6021036,8686729,30778742,8961022,57122192,8695699,17382428,39465471,8961022,0.152229784879404,0.304302537969831,0.690895597984055,0.156874617136541
"ITA","Italy",1996,2713957,5582926,7713554,31417157,9730716,57158310,8296883,16010437,39130711,9730716,0.145156198634984,0.280106899591678,0.68460230892061,0.170241492444406
"ITA","Italy",2000,2624748,5550693,6712245,31951370,10427920,57266976,8175441,14887686,38663615,10427920,0.142760131074496,0.259969829732235,0.675146789661113,0.182093079264391
"ITA","Italy",2004,2711280,5522853,6079818,32617682,11237914,58169547,8234133,14313951,38697500,11237914,0.14155401622777,0.246072932285342,0.665253590508449,0.193192393263781
"ITA","Italy",2008,2816590,5537863,6009422,33163768,12023404,59551047,8354453,14363875,39173190,12023404,0.140290614873656,0.241202728140111,0.657808585632424,0.20190079949392
"ITA","Italy",2012,2783094,5674066,6053601,33311172,12695141,60517074,8457160,14510761,39364773,12695141,0.139748329537545,0.239779619880499,0.650473831566939,0.209777838895516
"ITA","Italy",2016,2539000,5658721,5894114,32893851,13476726,60462412,8197721,14091835,38787965,13476726,0.13558375739294,0.233067695016864,0.641521959130575,0.222894283476485
"ITA","Italy",2020,2245887,5438510,5858486,32362735,13992718,59898336,7684397,13542883,38221221,13992718,0.128290659025987,0.226097816807465,0.638101549265075,0.233607791708938
"JAM","Jamaica",1952,201496,328021,278932,616232,56659,1481340,529517,808449,895164,56659,0.35745811224972,0.545755194621086,0.604293410020657,0.0382484777296232
"JAM","Jamaica",1956,239785,354986,278271,637804,61128,1571974,594771,873042,916075,61128,0.378359311286319,0.555379414672253,0.582754549375499,0.0388861393381824
"JAM","Jamaica",1960,282504,396865,273327,627347,69966,1650009,679369,952696,900674,69966,0.411736542043104,0.577388365760429,0.54586005288456,0.042403405072336
"JAM","Jamaica",1964,305600,450481,283649,621655,84187,1745572,756081,1039730,905304,84187,0.433142259385462,0.595638564321609,0.518628850600262,0.0482288900142761
"JAM","Jamaica",1968,306747,515754,295566,612009,103686,1833762,822501,1118067,907575,103686,0.448532034146198,0.609712165482762,0.494925186583646,0.0565427792701561
"JAM","Jamaica",1972,298119,559994,329666,621029,122707,1931515,858113,1187779,950695,122707,0.444269394749717,0.614946816359179,0.49220171730481,0.0635288879454729
"JAM","Jamaica",1976,295393,570239,391821,647048,140956,2045457,865632,1257453,1038869,140956,0.423197358829836,0.614754062295125,0.507890901642029,0.0689117395281348
"JAM","Jamaica",1980,288104,565149,448401,683938,159904,2145496,853253,1301654,1132339,159904,0.39769498521554,0.606691413081171,0.527774929433567,0.0745300853508932
"JAM","Jamaica",1984,297226,560737,485441,754460,166545,2264409,857963,1343404,1239901,166545,0.378890474291526,0.59326914881543,0.547560533454866,0.0735489922536079
"JAM","Jamaica",1988,299108,556028,489946,829009,171570,2345661,855136,1345082,1318955,171570,0.364560778390398,0.573434098107101,0.562295659944041,0.0731435616655604
"JAM","Jamaica",1992,297568,559930,484650,910015,172412,2424575,857498,1342148,1394665,172412,0.353669405978367,0.553560108472619,0.57522039945145,0.0711101945701824
"JAM","Jamaica",1996,305321,575564,495252,984833,163423,2524393,880885,1376137,1480085,163423,0.348949232548181,0.545135800962845,0.586313224604885,0.0647375428469339
"JAM","Jamaica",2000,279487,587366,517362,1065559,158008,2607782,866853,1384215,1582921,158008,0.33241007108723,0.530801654432771,0.60699897460754,0.0605909543052295
"JAM","Jamaica",2004,250865,581680,536171,1150397,153077,2672190,832545,1368716,1686568,153077,0.311559058300495,0.512207590029152,0.631155718717606,0.0572852229818987
"JAM","Jamaica",2008,235524,541152,553084,1237498,158348,2725606,776676,1329760,1790582,158348,0.284955345710275,0.487876824456653,0.65694821628658,0.058096438003145
"JAM","Jamaica",2012,210961,493580,561232,1335135,171489,2772397,704541,1265773,1896367,171489,0.254127024376379,0.456562678433139,0.684017115874819,0.0618558597488022
"JAM","Jamaica",2016,187718,453936,543621,1441574,183028,2809877,641654,1185275,1985195,183028,0.22835661489809,0.421824514026771,0.7065060143202,0.0651373707817104
"JAM","Jamaica",2020,171814,410388,498607,1547839,202057,2830705,582202,1080809,2046446,202057,0.205673851567012,0.381816190666283,0.722945697273294,0.0713804511596934
"JEY","Jersey",1952,4364,7474,7907,31666,7327,58738,11838,19745,39573,7327,0.201539037760904,0.336153767578058,0.673720589737478,0.124740372501617
"JEY","Jersey",1956,4164,7924,8795,32586,7737,61206,12088,20883,41381,7737,0.197496977420514,0.341192039996079,0.676093847008463,0.126409175571022
"JEY","Jersey",1960,4431,8148,8925,33918,8246,63668,12579,21504,42843,8246,0.197571778601495,0.337752088961488,0.672912609160018,0.129515612238487
"JEY","Jersey",1964,5124,8203,9381,34781,8804,66293,13327,22708,44162,8804,0.201031783144525,0.342539936343204,0.666163848370114,0.13280436848536
"JEY","Jersey",1968,5179,8792,10480,34937,9317,68705,13971,24451,45417,9317,0.203347645731752,0.35588385124809,0.66104359216942,0.135608762098828
"JEY","Jersey",1972,4678,9985,10564,36406,9867,71500,14663,25227,46970,9867,0.205076923076923,0.352825174825175,0.656923076923077,0.138
"JEY","Jersey",1976,3840,10031,11896,38679,10765,75211,13871,25767,50575,10765,0.18442780976187,0.342596162795336,0.672441531159006,0.143130659079124
"JEY","Jersey",1980,3914,9210,12544,39605,11273,76546,13124,25668,52149,11273,0.171452459958718,0.335327776761686,0.681276617981345,0.147270922059938
"JEY","Jersey",1984,4224,8346,13478,42224,11256,79528,12570,26048,55702,11256,0.158057539482949,0.327532441404285,0.700407403681722,0.141535056835328
"JEY","Jersey",1988,4459,8174,13621,44739,11610,82603,12633,26254,58360,11610,0.152936334031452,0.317833492730288,0.706511870028934,0.140551795939615
"JEY","Jersey",1992,5082,8485,11846,48039,11780,85232,13567,25413,59885,11780,0.159177304298855,0.298162661911019,0.702611695137976,0.138211000563169
"JEY","Jersey",1996,5048,9321,10081,49887,11849,86186,14369,24450,59968,11849,0.166720813125102,0.283688766156916,0.69579746130462,0.137481725570278
"JEY","Jersey",2000,4928,9996,10062,50742,12118,87846,14924,24986,60804,12118,0.169888213464472,0.284429569929194,0.692165835666963,0.137945950868565
"JEY","Jersey",2004,4905,10446,10854,52138,12916,91259,15351,26205,62992,12916,0.16821354606121,0.28714976057156,0.690255207705541,0.141531246233248
"JEY","Jersey",2008,4997,10278,11437,54746,13716,95174,15275,26712,66183,13716,0.160495513480572,0.280664887469267,0.69538949713157,0.144114989387858
"JEY","Jersey",2012,5219,10217,11540,56788,15137,98901,15436,26976,68328,15137,0.156075267186378,0.272757606090939,0.690872690872691,0.153052041940931
"JEY","Jersey",2016,5277,10540,11336,57546,16967,101666,15817,27153,68882,16967,0.155578069364389,0.267080439871737,0.67753231168729,0.166889618948321
"JEY","Jersey",2020,4782,10755,10874,58214,18480,103105,15537,26411,69088,18480,0.150691043111391,0.256156345473061,0.670074196207749,0.179234760680859
"JOR","Jordan",1952,89149,130910,96187,165694,24509,506449,220059,316246,261881,24509,0.434513643032171,0.62443799869286,0.517092540413744,0.0483938165540854
"JOR","Jordan",1956,125492,170199,132124,211225,30070,669110,295691,427815,343349,30070,0.441916874654392,0.639379175322443,0.51314283152247,0.0449402938231382
"JOR","Jordan",1960,168980,224077,162022,262614,35778,853471,393057,555079,424636,35778,0.460539373921317,0.650378278816738,0.49754004529738,0.0419205807813036
"JOR","Jordan",1964,214328,284873,183041,314726,38676,1035644,499201,682242,497767,38676,0.482019883280355,0.658761118685572,0.480635237591296,0.0373448791283491
"JOR","Jordan",1968,287189,395855,237370,406784,45270,1372468,683044,920414,644154,45270,0.497675719943926,0.670626929006724,0.469339904464075,0.0329843755919992
"JOR","Jordan",1972,354604,512250,305396,491563,50748,1714561,866854,1172250,796959,50748,0.505583645026336,0.683702708740021,0.46481810795883,0.0295982470148335
"JOR","Jordan",1976,394075,595389,365909,549764,53043,1958180,989464,1355373,915673,53043,0.505297776506756,0.692159556322708,0.467614315333626,0.0270879081596176
"JOR","Jordan",1980,434747,676604,439812,627401,55627,2234191,1111351,1551163,1067213,55627,0.497428823229527,0.694283971245073,0.477673126424733,0.0248980503457404
"JOR","Jordan",1984,497536,791890,543090,759392,62779,2654687,1289426,1832516,1302482,62779,0.485716771883088,0.690294562033113,0.490634865805272,0.0236483623116398
"JOR","Jordan",1988,573447,933094,666431,945073,74996,3193041,1506541,2172972,1611504,74996,0.471820123825532,0.680533698126645,0.504692548576733,0.0234873275977352
"JOR","Jordan",1992,662692,1080344,887934,1399536,97189,4127695,1743036,2630970,2287470,97189,0.422278293333204,0.637394478031928,0.554176120086392,0.0235455865804038
"JOR","Jordan",1996,778367,1205345,991463,1817191,120148,4912514,1983712,2975175,2808654,120148,0.403807907723011,0.605631861812506,0.571734553835368,0.0244575384416207
"JOR","Jordan",2000,788420,1369052,1018491,2065792,145185,5386940,2157472,3175963,3084283,145185,0.400500469654386,0.58956717542798,0.572548237032527,0.0269512933130868
"JOR","Jordan",2004,777526,1507051,1112905,2305300,179278,5882060,2284577,3397482,3418205,179278,0.388397432192123,0.577600704515085,0.58112378996474,0.0304787778431366
"JOR","Jordan",2008,898184,1686195,1367736,2804602,233148,6989865,2584379,3952115,4172338,233148,0.369732319579849,0.565406484960725,0.596912529784195,0.0333551506359565
"JOR","Jordan",2012,982378,1678137,1531918,3122838,271848,7587119,2660515,4192433,4654756,271848,0.350662089259441,0.552572458663163,0.613507709579881,0.0358302011606777
"JOR","Jordan",2016,1206347,2241772,1975762,4240982,341486,10006349,3448119,5423881,6216744,341486,0.34459311782949,0.54204395629215,0.621279949360151,0.0341269328103587
"JOR","Jordan",2020,1172066,2396238,2014313,4858966,423620,10865203,3568304,5582617,6873279,423620,0.32841576913013,0.513806967067251,0.63259554377401,0.0389886870958601
"JPN","Japan",1952,11510015,19292142,17449619,36414046,4469204,89135026,30802157,48251776,53863665,4469204,0.345567375500625,0.541333504519312,0.60429291847629,0.0501397060230846
"JPN","Japan",1956,9027051,21147795,18034572,40134760,4997615,93341793,30174846,48209418,58169332,4997615,0.323272620229183,0.516482664951594,0.623186357690815,0.0535410220800023
"JPN","Japan",1960,8034326,20725165,18138345,43966023,5535635,96399494,28759491,46897836,62104368,5535635,0.298336534836998,0.486494628280933,0.644239564162028,0.0574239010009741
"JPN","Japan",1964,8036757,17762359,20384128,47522976,6183665,99889885,25799116,46183244,67907104,6183665,0.25827556013304,0.462341547394914,0.679819623378283,0.0619048164886765
"JPN","Japan",1968,8485955,16048255,20658733,51929830,7114371,104237144,24534210,45192943,72588563,7114371,0.235369169362507,0.433558914469107,0.696379046993076,0.0682517836444176
"JPN","Japan",1972,9670980,15896794,19517403,56082100,8071190,109238467,25567774,45085177,75599503,8071190,0.23405467599614,0.412722534819168,0.692059354879083,0.0738859691247773
"JPN","Japan",1976,10262376,17077991,16692987,61160232,9308348,114501934,27340367,44033354,77853219,9308348,0.238776464683994,0.384564281682788,0.679929292722689,0.0812942425933172
"JPN","Japan",1980,8737549,18997783,16011953,63877833,10732499,118357617,27735332,43747285,79889786,10732499,0.234334998481762,0.369619515066783,0.674986435389283,0.0906785661289548
"JPN","Japan",1984,7532913,19193977,16220253,65357631,12077625,120382399,26726890,42947143,81577884,12077625,0.222016592309313,0.35675599885661,0.677656241092188,0.100327166598499
"JPN","Japan",1988,6799274,17138079,18075982,66614270,13845059,122472664,23937353,42013335,84690252,13845059,0.195450578261284,0.343042550295142,0.691503305586625,0.113046116152091
"JPN","Japan",1992,6047712,14934783,19414960,67634646,16346072,124378173,20982495,40397455,87049606,16346072,0.168699173608218,0.324795372255548,0.69987847465809,0.131422351733692
"JPN","Japan",1996,5886895,13426330,18169433,69342556,19143255,125968469,19313225,37482658,87511989,19143255,0.153317930695816,0.297555874875323,0.694713444520787,0.151968624783397
"JPN","Japan",2000,5912988,12354239,15807554,70797037,22136183,127008001,18267227,34074781,86604591,22136183,0.143827371946434,0.268288460031742,0.681882954759677,0.17428967329389
"JPN","Japan",2004,5812070,11879976,14046444,70997809,25044123,127780422,17692046,31738490,85044253,25044123,0.13845662522542,0.248383042591611,0.66554994629772,0.19599342847686
"JPN","Japan",2008,5493257,11849464,12786377,69507852,28469757,128106707,17342721,30129098,82294229,28469757,0.135377150862211,0.235187514421083,0.642388138194825,0.222234710942964
"JPN","Japan",2012,5339402,11542133,12062912,67625187,31298455,127868089,16881535,28944447,79688099,31298455,0.13202304915967,0.226361770371027,0.623205520808245,0.244771430032086
"JPN","Japan",2016,5050187,11128691,11985332,64011459,34910581,127086250,16178878,28164210,75996791,34910581,0.127306282150901,0.221614926870531,0.597993811289577,0.274699906559522
"JPN","Japan",2020,4629472,10805894,11945195,62399008,36413545,126193114,15435366,27380561,74344203,36413545,0.122315437908918,0.216973495083099,0.589130425927995,0.288554136163087
"KAZ","Kazakhstan",1952,1052685,1393049,1435755,2914276,462892,7258657,2445734,3881489,4350031,462892,0.336940290745244,0.53473927752751,0.599288683843306,0.0637710254114501
"KAZ","Kazakhstan",1956,1223626,1476367,1638235,3421463,496838,8256529,2699993,4338228,5059698,496838,0.327013082616194,0.525429996067355,0.61281175176639,0.0601751656174162
"KAZ","Kazakhstan",1960,1470946,2038546,1569726,3854256,496342,9429816,3509492,5079218,5423982,496342,0.372169722081534,0.538633839727095,0.575194892456014,0.0526353854624523
"KAZ","Kazakhstan",1964,1598409,2506811,1491694,4586553,506765,10690232,4105220,5596914,6078247,506765,0.38401598767922,0.523554025768571,0.568579521941151,0.0474044903796288
"KAZ","Kazakhstan",1968,1499255,2892838,1826324,5103318,557401,11879136,4392093,6218417,6929642,557401,0.369731687557075,0.523473845235882,0.583345623789474,0.0469226886534509
"KAZ","Kazakhstan",1972,1498281,3056009,2376219,5397977,623271,12951757,4554290,6930509,7774196,623271,0.351634917177646,0.535101839850763,0.600242577126794,0.0481225056955593
"KAZ","Kazakhstan",1976,1642752,3014311,2762692,5865308,713620,13998683,4657063,7419755,8628000,713620,0.332678652698972,0.530032360901379,0.616343694617558,0.0509776526834703
"KAZ","Kazakhstan",1980,1794902,3199300,3299181,5768863,1090649,15152895,4994202,8293383,9068044,1090649,0.329587316483088,0.547313434165551,0.598436404396652,0.0719762791202605
"KAZ","Kazakhstan",1984,1901120,3264783,3045869,6589343,1043440,15844555,5165903,8211772,9635212,1043440,0.326036483826778,0.518270913888083,0.608108716211973,0.0658547999612485
"KAZ","Kazakhstan",1988,2013124,3371526,2930919,7503046,962473,16781088,5384650,8315569,10433965,962473,0.320876095757319,0.495532172884142,0.621769279798783,0.0573546244438978
"KAZ","Kazakhstan",1992,1892195,3543445,2960321,7896952,1039635,17332548,5435640,8395961,10857273,1039635,0.313608824276731,0.484404312626164,0.626409515784984,0.0599816599382849
"KAZ","Kazakhstan",1996,1510749,3425847,2853827,7530689,1094846,16415958,4936596,7790423,10384516,1094846,0.30071933663573,0.474564018743225,0.63258665744637,0.0666940059179001
"KAZ","Kazakhstan",2000,1194562,3089367,2820566,7359065,1037361,15500921,4283929,7104495,10179631,1037361,0.27636609463399,0.458327282617594,0.656711365731107,0.066922539634903
"KAZ","Kazakhstan",2004,1257649,2723833,3082390,7616776,1169264,15849912,3981482,7063872,10699166,1169264,0.251198997193171,0.445672632125655,0.675029993857379,0.0737710089494503
"KAZ","Kazakhstan",2008,1578625,2505966,3180597,7998805,1162296,16426289,4084591,7265188,11179402,1162296,0.248661824956325,0.442290282363838,0.680579892390789,0.0707582826528865
"KAZ","Kazakhstan",2012,1847275,2682562,2929683,8742609,1103738,17305867,4529837,7459520,11672292,1103738,0.261751520452573,0.4310399473196,0.674470224462028,0.0637782550853997
"KAZ","Kazakhstan",2016,1977610,3189656,2579071,9342879,1274129,18363345,5167266,7746337,11921950,1274129,0.281390236909452,0.421836925679935,0.649225399838646,0.0693843632519021
"KAZ","Kazakhstan",2020,2055829,3635000,2490324,9810814,1489880,19481847,5690829,8181153,12301138,1489880,0.292109315918557,0.41993723695705,0.631415388900241,0.0764752951812012
"KEN","Kenya",1952,1174492,1570851,1180455,1816406,291016,6033220,2745343,3925798,2996861,291016,0.455037774190233,0.650696974418304,0.496726623594034,0.0482356022157322
"KEN","Kenya",1956,1340639,1808634,1281946,2030980,265426,6727625,3149273,4431219,3312926,265426,0.468110663124059,0.658660225562513,0.492436186618606,0.0394531502573345
"KEN","Kenya",1960,1634371,2115053,1391858,2307763,246217,7695262,3749424,5141282,3699621,246217,0.487237991377032,0.668110065648187,0.480766086976636,0.0319959216463325
"KEN","Kenya",1964,1947971,2525235,1618866,2640787,240620,8973479,4473206,6092072,4259653,240620,0.498491833546387,0.678897448804416,0.474693594312752,0.0268145721408609
"KEN","Kenya",1968,2282965,3102487,1877553,3007343,248417,10518765,5385452,7263005,4884896,248417,0.511985199783435,0.690480774121297,0.464398244470715,0.0236165557458504
"KEN","Kenya",1972,2602468,3731517,2211378,3398273,262391,12206027,6333985,8545363,5609651,262391,0.518922742019168,0.700093732383191,0.459580418755423,0.0214968392254089
"KEN","Kenya",1976,2903118,4363711,2637811,3764981,287989,13957610,7266829,9904640,6402792,287989,0.520635624580426,0.709622922549061,0.45873125843178,0.0206331169877938
"KEN","Kenya",1980,3262386,4990288,3229955,4204219,331613,16018461,8252674,11482629,7434174,331613,0.515197683472838,0.716837216758838,0.464100390168569,0.0207019263585934
"KEN","Kenya",1984,3714536,5649113,3876277,4885832,389145,18514903,9363649,13239926,8762109,389145,0.505735784843161,0.715095617838235,0.473246281657538,0.0210179334993005
"KEN","Kenya",1988,4205698,6408838,4514149,5770153,457377,21356215,10614536,15128685,10284302,457377,0.497023278703647,0.708397297929432,0.481560145372202,0.0214165759241514
"KEN","Kenya",1992,4574014,7292460,5136461,6851700,527820,24382455,11866474,17002935,11988161,527820,0.486680853097032,0.69734302800928,0.491671613871532,0.0216475330314359
"KEN","Kenya",1996,4819156,8146445,5786546,7988698,603357,27344202,12965601,18752147,13775244,603357,0.474162712812025,0.685781468407818,0.5037720245045,0.0220652626834749
"KEN","Kenya",2000,5311798,8807748,6585624,9255117,682591,30642878,14119546,20705170,15840741,682591,0.460777411312345,0.675692733561123,0.516946906879961,0.0222756818076944
"KEN","Kenya",2004,5979760,9516199,7548747,10909994,758650,34713350,15495959,23044706,18458741,758650,0.446397682735893,0.663857161581927,0.531747612950061,0.0218547043140463
"KEN","Kenya",2008,6643532,10560783,8328588,12847884,825411,39206198,17204315,25532903,21176472,825411,0.4388162045195,0.651246596265213,0.540130721168117,0.021053074312383
"KEN","Kenya",2012,7098985,11847974,8942102,15039194,959437,43887692,18946959,27889061,23981296,959437,0.431714636531809,0.635464289167906,0.546424177420859,0.0218611860473319
"KEN","Kenya",2016,6970314,13019026,9657352,17291059,1199865,48137616,19989340,29646692,26948411,1199865,0.415254049972063,0.615873706749416,0.559820224582788,0.0249257254451488
"KEN","Kenya",2020,6938210,13574934,10745046,19502681,1453278,52214149,20513144,31258190,30247727,1453278,0.392865619623524,0.598653633136873,0.579301349908049,0.0278330304684272
"KGZ","Kyrgyzstan",1952,249253,315885,366734,751033,141672,1824577,565138,931872,1117767,141672,0.309736448502858,0.510733172675091,0.612617061379158,0.0776464901179835
"KGZ","Kyrgyzstan",1956,309190,344785,371216,820210,144223,1989624,653975,1025191,1191426,144223,0.328692758028653,0.515268714088692,0.598819676481587,0.0724875654897609
"KGZ","Kyrgyzstan",1960,366038,488623,329706,892044,139100,2215511,854661,1184367,1221750,139100,0.385762471953423,0.534579607142551,0.551452915377085,0.0627846126694925
"KGZ","Kyrgyzstan",1964,420735,616050,333902,1023045,138409,2532141,1036785,1370687,1356947,138409,0.409449947692486,0.541315432276481,0.535889194164148,0.0546608581433656
"KGZ","Kyrgyzstan",1968,435150,728694,434515,1116318,148204,2862881,1163844,1598359,1550833,148204,0.406528947588111,0.558304379399633,0.541703619535705,0.0517674328761831
"KGZ","Kyrgyzstan",1972,462725,813468,566250,1173900,157602,3173945,1276193,1842443,1740150,157602,0.40208415709787,0.580489895067495,0.548260918194865,0.0496549247072649
"KGZ","Kyrgyzstan",1976,496213,860887,666643,1258262,165004,3447009,1357100,2023743,1924905,165004,0.393703642781321,0.587101165097045,0.558427610719902,0.0478687464987762
"KGZ","Kyrgyzstan",1980,515752,908742,759019,1370757,175102,3729372,1424494,2183513,2129776,175102,0.381966186264068,0.585490801132201,0.571081672732031,0.0469521410039009
"KGZ","Kyrgyzstan",1984,560158,961337,815708,1528674,173471,4039348,1521495,2337203,2344382,173471,0.376668462336001,0.578608973527411,0.580386240551693,0.0429452971123062
"KGZ","Kyrgyzstan",1988,631058,983308,799396,1695017,199243,4308022,1614366,2413762,2494413,199243,0.374734855114482,0.5602947245859,0.579015845322981,0.0462492995625371
"KGZ","Kyrgyzstan",1992,653934,1077083,833227,1802090,233973,4600307,1731017,2564244,2635317,233973,0.37628293068267,0.557407146957801,0.572856768037437,0.0508603012798928
"KGZ","Kyrgyzstan",1996,612275,1185854,882832,1837346,264574,4782881,1798129,2680961,2720178,264574,0.37595102198863,0.560532658036025,0.5687321093709,0.05531686864047
"KGZ","Kyrgyzstan",2000,553312,1215042,985751,2001839,269199,5025143,1768354,2754105,2987590,269199,0.35190122947745,0.548065000339294,0.594528354715478,0.0535704158070726
"KGZ","Kyrgyzstan",2004,541544,1159009,1082286,2139397,280804,5203040,1700553,2782839,3221683,280804,0.326838348350195,0.534848665395615,0.619192433654171,0.0539692179956333
"KGZ","Kyrgyzstan",2008,571304,1068388,1175950,2263339,263546,5342527,1639692,2815642,3439289,263546,0.306913189208028,0.527024383779436,0.643756971186107,0.0493298396058644
"KGZ","Kyrgyzstan",2012,694035,1058201,1159872,2528615,255796,5696519,1752236,2912108,3688487,255796,0.307597675001172,0.511208336178638,0.647498410871622,0.0449039141272065
"KGZ","Kyrgyzstan",2016,758272,1199654,1084865,2755386,310282,6108459,1957926,3042791,3840251,310282,0.320526993796635,0.498127432794425,0.62867754371438,0.0507954624889845
"KGZ","Kyrgyzstan",2020,799587,1391247,1066278,3063909,343119,6664140,2190834,3257112,4130187,343119,0.328749696134835,0.488752037022031,0.619762940154318,0.0514873637108464
"KHM","Cambodia",1952,803975,1149274,880534,1623013,121167,4577963,1953249,2833783,2503547,121167,0.426663343500155,0.619005221317866,0.546869207986172,0.026467448513673
"KHM","Cambodia",1956,891460,1267159,948950,1759103,132810,4999482,2158619,3107569,2708053,132810,0.431768531219834,0.621578195501054,0.541666716671847,0.0265647521083184
"KHM","Cambodia",1960,961595,1422264,1017673,1901406,147025,5449963,2383859,3401532,2919079,147025,0.43740829066179,0.62413854919749,0.535614461969742,0.0269772473684684
"KHM","Cambodia",1964,1030227,1591324,1101420,2058277,164937,5946185,2621551,3722971,3159697,164937,0.440879488276937,0.626110859315679,0.531382222382923,0.0277382893401399
"KHM","Cambodia",1968,1110191,1734339,1228788,2207543,186461,6467322,2844530,4073318,3436331,186461,0.439831200611319,0.629830708908571,0.531337545896122,0.0288312534925584
"KHM","Cambodia",1972,1148423,1867406,1297820,2154893,205346,6673888,3015829,4313649,3452713,205346,0.451884868310646,0.646347226684056,0.517346560205985,0.0307685714833692
"KHM","Cambodia",1976,897369,1846018,1299189,1899383,193029,6134988,2743387,4042576,3198572,193029,0.447170719812329,0.658937882193087,0.521365648962965,0.0314636312247066
"KHM","Cambodia",1980,633586,1576706,1237700,1585296,166586,5199874,2210292,3447992,2822996,166586,0.425066453533297,0.663091451831333,0.542897000965793,0.0320365455009102
"KHM","Cambodia",1984,1138393,1340250,1395720,1783178,187574,5845115,2478643,3874363,3178898,187574,0.424053761132159,0.662837771369768,0.543855510114001,0.0320907287538397
"KHM","Cambodia",1988,1395675,1518532,1537174,2150030,210600,6812011,2914207,4451381,3687204,210600,0.427804212295018,0.653460630054767,0.541279807093676,0.0309159806113055
"KHM","Cambodia",1992,1548230,2102717,1485260,2740202,236673,8113082,3650947,5136207,4225462,236673,0.45000740778905,0.633077170919756,0.520820817538884,0.0291717746720667
"KHM","Cambodia",1996,1861814,3124012,1800761,3736168,278506,10801261,4985826,6786587,5536929,278506,0.461596659871472,0.628314323670171,0.51261875812463,0.0257845820038975
"KHM","Cambodia",2000,1718170,3584301,2508749,4300115,350995,12462330,5302471,7811220,6808864,350995,0.425479906245461,0.626786483747421,0.54635561728826,0.0281644764662788
"KHM","Cambodia",2004,1624351,3481401,2981811,4729083,428073,13244719,5105752,8087563,7710894,428073,0.385493418169159,0.610625487788756,0.582186303839289,0.0323202779915527
"KHM","Cambodia",2008,1645267,3225532,3163001,5504352,515303,14053455,4870799,8033800,8667353,515303,0.34659085612755,0.571660136244077,0.616741790541899,0.0366673533305511
"KHM","Cambodia",2012,1740662,3105784,3209004,6273785,615821,14945056,4846446,8055450,9482789,615821,0.324284231521113,0.539004336952635,0.634510101534581,0.0412056669443059
"KHM","Cambodia",2016,1802948,3242425,3005428,7051306,750651,15852758,5045373,8050801,10056734,750651,0.318264683028657,0.507848602747863,0.63438387187895,0.0473514450923934
"KHM","Cambodia",2020,1815055,3382857,2852263,7765650,909603,16725428,5197912,8050175,10617913,909603,0.310779012650678,0.481313542469586,0.63483654947425,0.0543844378750726
"KIR","Kiribati",1952,6631,8668,6736,14809,2605,39449,15299,22035,21545,2605,0.387817181677609,0.558569291997262,0.546148191335649,0.0660346269867424
"KIR","Kiribati",1956,7391,10395,7048,15752,2423,43009,17786,24834,22800,2423,0.413541351810086,0.577414029621707,0.5301216024553,0.0563370457346137
"KIR","Kiribati",1960,8118,12263,7743,16786,2267,47177,20381,28124,24529,2267,0.432011361468512,0.596137948576637,0.519935561820379,0.0480530767111092
"KIR","Kiribati",1964,8988,13914,9087,17886,2231,52106,22902,31989,26973,2231,0.439527117798334,0.613921621310406,0.517656315971289,0.0428165662303765
"KIR","Kiribati",1968,9733,15176,9807,18361,2468,55545,24909,34716,28168,2468,0.448447204968944,0.625006751282744,0.507120352867045,0.0444324421640112
"KIR","Kiribati",1972,9821,16938,10864,19686,2487,59796,26759,37623,30550,2487,0.447504849822731,0.629189243427654,0.510903739380561,0.0415914107967088
"KIR","Kiribati",1976,9059,17163,11844,20303,2314,60683,26222,38066,32147,2314,0.432114430730188,0.627292651978314,0.529752978593675,0.0381325906761366
"KIR","Kiribati",1980,9199,15929,13028,20836,2178,61170,25128,38156,33864,2178,0.410789602746444,0.623769821808076,0.553604708190289,0.0356056890632663
"KIR","Kiribati",1984,10296,15300,14536,22784,2329,65245,25596,40132,37320,2329,0.39230592382558,0.615096942294429,0.571997854241704,0.0356962219327151
"KIR","Kiribati",1988,11582,16747,14795,25832,2489,71445,28329,43124,40627,2489,0.396514801595633,0.60359717265029,0.568647211141437,0.0348379872629295
"KIR","Kiribati",1992,12431,19245,14198,29137,2644,77655,31676,45874,43335,2644,0.407906767110939,0.590741098448265,0.558045199922735,0.0340480329663254
"KIR","Kiribati",1996,12747,21253,14388,31369,2880,82637,34000,48388,45757,2880,0.411437975725159,0.5855488461585,0.553710807507533,0.0348512167673076
"KIR","Kiribati",2000,12960,22610,16480,33552,3030,88632,35570,52050,50032,3030,0.401322321509161,0.587259680476577,0.564491380088456,0.0341862984023829
"KIR","Kiribati",2004,12913,24018,19338,36526,3301,96096,36931,56269,55864,3301,0.384313603063603,0.585549866799867,0.581335331335331,0.0343510656010656
"KIR","Kiribati",2008,13748,24814,21557,40376,3740,104235,38562,60119,61933,3740,0.369952511152684,0.576764042787931,0.594167026430661,0.0358804624166547
"KIR","Kiribati",2012,15552,24931,22939,44821,4050,112293,40483,63422,67760,4050,0.360512231394655,0.564790325309681,0.603421406499069,0.0360663621062755
"KIR","Kiribati",2016,15870,25620,23468,49092,4438,118488,41490,64958,72560,4438,0.350162041725744,0.548224292755385,0.6123826885423,0.037455269731956
"KIR","Kiribati",2020,15960,28401,23027,53759,4963,126110,44361,67388,76786,4963,0.351764332725398,0.534358893029895,0.608881135516612,0.0393545317579891
"KNA","Saint Kitts and Nevis",1952,9650,11356,6460,19365,2583,49414,21006,27466,25825,2583,0.42510219775772,0.555834378920954,0.522625166956733,0.0522726352855466
"KNA","Saint Kitts and Nevis",1956,10230,13979,6889,19257,2639,52994,24209,31098,26146,2639,0.456825300977469,0.586821149564102,0.49337660867268,0.0497980903498509
"KNA","Saint Kitts and Nevis",1960,10607,14856,8542,19011,2818,55834,25463,34005,27553,2818,0.456048285990615,0.609037504029803,0.493480674857614,0.0504710391517713
"KNA","Saint Kitts and Nevis",1964,8758,15382,7871,17431,2906,52348,24140,32011,25302,2906,0.461144647359976,0.611503782379461,0.483342248032399,0.0555131046076259
"KNA","Saint Kitts and Nevis",1968,7228,15166,7262,14526,3083,47265,22394,29656,21788,3083,0.473796678303184,0.627441024013541,0.460975351740188,0.0652279699566275
"KNA","Saint Kitts and Nevis",1972,5487,14005,8715,12523,3324,44054,19492,28207,21238,3324,0.442456984609797,0.640282380714578,0.482090162073818,0.0754528533163844
"KNA","Saint Kitts and Nevis",1976,5345,11873,10011,12591,3679,43499,17218,27229,22602,3679,0.39582519138371,0.625968413066967,0.519598151681648,0.0845766569346422
"KNA","Saint Kitts and Nevis",1980,5217,10614,10075,12926,4034,42866,15831,25906,23001,4034,0.369313675173797,0.604348434656838,0.536579106984557,0.0941072178416461
"KNA","Saint Kitts and Nevis",1984,5048,9572,9428,14078,4007,42133,14620,24048,23506,4007,0.346996416110887,0.570764009208934,0.557899983385944,0.0951036005031685
"KNA","Saint Kitts and Nevis",1988,4759,9253,8129,14999,3944,41084,14012,22141,23128,3944,0.341057345925421,0.538920260928829,0.562944211858631,0.0959984422159478
"KNA","Saint Kitts and Nevis",1992,4464,9201,7592,15669,3814,40740,13665,21257,23261,3814,0.335419734904271,0.521772214040255,0.570962199312715,0.0936180657830142
"KNA","Saint Kitts and Nevis",1996,4239,9111,8014,17919,3619,42902,13350,21364,25933,3619,0.311174304228241,0.497972122511771,0.604470654048762,0.0843550417229966
"KNA","Saint Kitts and Nevis",2000,4266,8978,8128,20360,3540,45272,13244,21372,28488,3540,0.29254285209401,0.47207987276904,0.629263120692702,0.0781940272132886
"KNA","Saint Kitts and Nevis",2004,3919,8424,8513,22059,3421,46336,12343,20856,30572,3421,0.266380352209945,0.450103591160221,0.659789364640884,0.0738302831491713
"KNA","Saint Kitts and Nevis",2008,3550,7892,8374,23613,3427,46856,11442,19816,31987,3427,0.244194980365375,0.422912753969609,0.682666040635137,0.0731389789994878
"KNA","Saint Kitts and Nevis",2012,3109,7357,7882,25237,3469,47054,10466,18348,33119,3469,0.222425298593106,0.389934968334254,0.703850894716708,0.0737238066901857
"KNA","Saint Kitts and Nevis",2016,3184,6331,7417,26463,3700,47095,9515,16932,33880,3700,0.202038432954666,0.359528612379233,0.719396963584245,0.0785646034610893
"KNA","Saint Kitts and Nevis",2020,2983,5958,6770,26755,4427,46893,8941,15711,33525,4427,0.190668116776491,0.335039344891562,0.71492546862005,0.0944064146034589
"KOR","South Korea",1952,3164640,5412016,3664382,7434363,554288,20229689,8576656,12241038,11098745,554288,0.423963808835618,0.605102629111105,0.548636461984166,0.0273997291802163
"KOR","South Korea",1956,3820907,5474520,4630746,8266101,682005,22874279,9295427,13926173,12896847,682005,0.40637027291658,0.608813637360985,0.563814361099644,0.0298153659837759
"KOR","South Korea",1960,4635811,6152250,5196757,9313216,817265,26115299,10788061,15984818,14509973,817265,0.413093528050359,0.612086348312535,0.55561198054826,0.0312944914013812
"KOR","South Korea",1964,4942140,7451869,5129126,10284375,937460,28744970,12394009,17523135,15413501,937460,0.431171401466065,0.60960700254688,0.53621558832728,0.0326130102066553
"KOR","South Korea",1968,4563289,8862671,5430671,11285985,1032677,31175293,13425960,18856631,16716656,1032677,0.430660266769586,0.604858180482859,0.536214880161672,0.0331248530687426
"KOR","South Korea",1972,4637943,9269119,6476740,12371018,1181639,33936459,13907062,20383802,18847758,1181639,0.409797085783169,0.600646107479864,0.555383754091728,0.0348191601251032
"KOR","South Korea",1976,4384271,9251234,7768495,13650552,1325348,36379900,13635505,21404000,21419047,1325348,0.374808754284646,0.58834686186603,0.58876046938007,0.036430776335284
"KOR","South Korea",1980,3947592,9032336,8556776,15144764,1459579,38141047,12979928,21536704,23701540,1459579,0.340313888079685,0.564659486143629,0.621418179736912,0.0382679321834034
"KOR","South Korea",1984,4000090,8656796,8761465,17495764,1684083,40598198,12656886,21418351,26257229,1684083,0.311759797811716,0.527569006880552,0.646758484206614,0.04148171798167
"KOR","South Korea",1988,3449076,8284676,9022285,20181953,1984666,42922656,11733752,20756037,29204238,1984666,0.273369662865224,0.483568328110917,0.680392145350931,0.0462381917838449
"KOR","South Korea",1992,3338013,7680738,8893208,22423218,2318099,44653276,11018751,19911959,31316426,2318099,0.246762432391299,0.445923810830811,0.701324265659702,0.0519133019489992
"KOR","South Korea",1996,3503869,6782668,8348112,24279794,2723698,45638141,10286537,18634649,32627906,2723698,0.225393426958386,0.408313059903119,0.714926271865456,0.0596803011761588
"KOR","South Korea",2000,3232329,6579359,7809642,25829082,3315336,46765748,9811688,17621330,33638724,3315336,0.209805005150351,0.37679991775177,0.719302597276964,0.070892397572685
"KOR","South Korea",2004,2693741,6715872,7209535,26975564,4100765,47695477,9409613,16619148,34185099,4100765,0.197285226857046,0.348442851300135,0.716736704404906,0.0859780687380483
"KOR","South Korea",2008,2237279,6232845,6684352,28246367,4953430,48354273,8470124,15154476,34930719,4953430,0.175168055985456,0.313405104860123,0.722391566097995,0.102440377916549
"KOR","South Korea",2012,2282074,5251131,6765993,29495547,5801349,49596094,7533205,14299198,36261540,5801349,0.151891094488207,0.288312986905783,0.731137012523607,0.116971892988186
"KOR","South Korea",2016,2207079,4643941,6674720,30917114,6850351,51293205,6851020,13525740,37591834,6850351,0.133565839763766,0.26369457708872,0.732881363135721,0.133552797100513
"KOR","South Korea",2020,1748561,4533919,5918766,31452100,8198218,51851564,6282480,12201246,37370866,8198218,0.121162786912271,0.235311050598204,0.720727845354867,0.158109367732861
"KWT","Kuwait",1952,26881,35993,30817,64785,4693,163169,62874,93691,95602,4693,0.385330546856327,0.574196078912048,0.585907862400333,0.0287615907433397
"KWT","Kuwait",1956,33397,44310,36063,88055,5397,207222,77707,113770,124118,5397,0.374993967821949,0.54902471745278,0.59896150022681,0.0260445319512407
"KWT","Kuwait",1960,54199,62269,56408,131160,7030,311066,116468,172876,187568,7030,0.374415718850662,0.555753441391859,0.602984575620608,0.0225997055287302
"KWT","Kuwait",1964,83443,103640,89913,186602,9524,473122,187083,276996,276515,9524,0.395422322360829,0.585464214304133,0.584447563207798,0.0201301144313729
"KWT","Kuwait",1968,124672,166375,129175,254655,12849,687726,291047,420222,383830,12849,0.423201972878734,0.611031137400651,0.558114714290284,0.0186833128309821
"KWT","Kuwait",1972,165893,236873,170533,330939,16120,920358,402766,573299,501472,16120,0.43761883962545,0.622908694225508,0.544866236833928,0.0175149235406222
"KWT","Kuwait",1976,201079,297757,232996,427642,19243,1178717,498836,731832,660638,19243,0.423202515955908,0.62087167657716,0.560472106536175,0.0163253775079175
"KWT","Kuwait",1980,236780,355273,297946,594383,20407,1504789,592053,889999,892329,20407,0.393445858522358,0.591444381903376,0.592992771744078,0.013561369733564
"KWT","Kuwait",1984,266013,410008,339432,781920,23319,1820692,676021,1015453,1121352,23319,0.371298934690766,0.557729149136702,0.615893297713177,0.0128077675960569
"KWT","Kuwait",1988,281464,500268,351040,969026,32909,2134707,781732,1132772,1320066,32909,0.366201075838511,0.530645189246112,0.61838275697789,0.0154161671835994
"KWT","Kuwait",1992,179260,386349,282608,751297,35453,1634967,565609,848217,1033905,35453,0.345945208680053,0.51879762710807,0.632370561607665,0.0216842297122817
"KWT","Kuwait",1996,208733,362481,272643,863805,22591,1730253,571214,843857,1136448,22591,0.330133223291623,0.487707289049636,0.656810304620191,0.0130564720881859
"KWT","Kuwait",2000,204983,369208,368093,982261,30165,1954710,574191,942284,1350354,30165,0.293747410101754,0.482058208122944,0.690820633239713,0.0154319566585325
"KWT","Kuwait",2004,196263,355624,368668,1200611,36159,2157325,551887,920555,1569279,36159,0.255820054929137,0.426711320732852,0.727418909992699,0.0167610350781639
"KWT","Kuwait",2008,238482,390411,443112,1532782,46637,2651424,628893,1072005,1975894,46637,0.237190656794236,0.404312927694703,0.745219927103323,0.0175894161024416
"KWT","Kuwait",2012,285482,450576,419527,2116242,65177,3337004,736058,1155585,2535769,65177,0.220574503356903,0.34629416087005,0.759893904831999,0.0195315918110976
"KWT","Kuwait",2016,311214,554005,424245,2608864,105639,4003967,865219,1289464,3033109,105639,0.216090442303845,0.322046610274261,0.757525973615667,0.0263835840804882
"KWT","Kuwait",2020,279107,628187,476031,2840996,175817,4400138,907294,1383325,3317027,175817,0.206196714739401,0.314382185286007,0.753846129371397,0.0399571558892017
"LAO","Laos",1952,292529,427008,331631,675582,39437,1766187,719537,1051168,1007213,39437,0.407395706117189,0.595162346908906,0.570275401189115,0.0223288926936955
"LAO","Laos",1956,326416,473885,354156,735276,47504,1937237,800301,1154457,1089432,47504,0.413114657628365,0.595929666839938,0.562363820224371,0.0245215221472644
"LAO","Laos",1960,353317,532907,385364,793136,56793,2121517,886224,1271588,1178500,56793,0.417731274366409,0.599376766719286,0.555498730389622,0.0267699952439693
"LAO","Laos",1964,385889,592038,424756,853630,66515,2322828,977927,1402683,1278386,66515,0.421007065525299,0.6038686463225,0.550357581362029,0.0286353531126713
"LAO","Laos",1968,425020,649004,478537,916086,77734,2546381,1074024,1552561,1394623,77734,0.421784485511006,0.609712764900461,0.547688268173537,0.0305272463154571
"LAO","Laos",1972,472863,713761,534136,991557,89340,2801657,1186624,1720760,1525693,89340,0.423543638639562,0.614193671816357,0.544568089527019,0.0318882718334186
"LAO","Laos",1976,525744,790683,584206,1063686,100563,3064882,1316427,1900633,1647892,100563,0.429519635666234,0.620132520599488,0.537668986930003,0.032811377403763
"LAO","Laos",1980,568873,877832,623093,1111063,111714,3292575,1446705,2069798,1734156,111714,0.43938406870003,0.628625923479344,0.526686863624974,0.033929067674996
"LAO","Laos",1984,627231,975385,702295,1206971,125963,3637845,1602616,2304911,1909266,125963,0.440539935043961,0.633592415289821,0.524834345608458,0.0346257193475808
"LAO","Laos",1988,708221,1080762,797861,1344516,141248,4072608,1788983,2586844,2142377,141248,0.439272083146721,0.635181191020594,0.526045472581697,0.0346824442715822
"LAO","Laos",1992,792403,1209213,894640,1506760,156632,4559648,2001616,2896256,2401400,156632,0.438984763736148,0.635192892082898,0.526663461740906,0.0343517745229456
"LAO","Laos",1996,847615,1365552,983759,1677687,171072,5045685,2213167,3196926,2661446,171072,0.438625677187537,0.633596033046058,0.527469709266433,0.0339046135460299
"LAO","Laos",2000,832048,1515577,1074274,1826433,182881,5431213,2347625,3421899,2900707,182881,0.432246903224013,0.630043233436067,0.534080876592393,0.0336722201835943
"LAO","Laos",2004,805313,1595143,1200973,1983902,196296,5781627,2400456,3601429,3184875,196296,0.415186936134067,0.622909260663132,0.550861375180377,0.0339516886855551
"LAO","Laos",2008,778915,1557837,1353120,2236667,222435,6148974,2336752,3689872,3589787,222435,0.380023073768079,0.600079297782037,0.583802598612386,0.0361743276195346
"LAO","Laos",2012,775767,1500174,1407692,2577941,257363,6518937,2275941,3683633,3985633,257363,0.349127626175863,0.565066513144704,0.611393084486014,0.0394792893381237
"LAO","Laos",2016,786261,1483993,1420099,2935060,282861,6908274,2270254,3690353,4355159,282861,0.328628250703432,0.53419320079082,0.630426500164875,0.0409452491316934
"LAO","Laos",2020,805805,1516218,1436998,3275906,311425,7346352,2322023,3759021,4712904,311425,0.316078374681747,0.51168539160661,0.641529836849636,0.0423917884686168
"LBN","Lebanon",1952,227169,286429,263226,551499,98755,1427078,513598,776824,814725,98755,0.359894834059526,0.544345859161167,0.570904323379661,0.0692008425608131
"LBN","Lebanon",1956,280316,346301,268114,603561,100850,1599142,626617,894731,871675,100850,0.391845752284663,0.559506910580799,0.545089179072277,0.0630650686430598
"LBN","Lebanon",1960,311157,449480,272998,656240,104531,1794406,760637,1033635,929238,104531,0.423893477841692,0.576031845635826,0.517852704460418,0.05825381769789
"LBN","Lebanon",1964,345035,556687,303469,717391,107960,2030542,901722,1205191,1020860,107960,0.444079462527739,0.593531677749094,0.502752467075293,0.0531680703969679
"LBN","Lebanon",1968,363822,624657,394517,770334,113041,2266371,988479,1382996,1164851,113041,0.436150568463857,0.610224892570546,0.513971896039969,0.0498775354961743
"LBN","Lebanon",1972,376579,680220,501583,830379,120962,2509723,1056799,1558382,1331962,120962,0.421081928164981,0.620937848519538,0.530720720971996,0.0481973508630235
"LBN","Lebanon",1976,391904,715432,578764,913092,127275,2726467,1107336,1686100,1491856,127275,0.406143188235911,0.61841936836206,0.547175520554622,0.0466812912094663
"LBN","Lebanon",1980,413735,734832,635292,1028423,132479,2944761,1148567,1783859,1663715,132479,0.390037425787696,0.605773779264259,0.564974542925555,0.0449880312867496
"LBN","Lebanon",1984,440350,756451,669429,1160110,126400,3152740,1196801,1866230,1829539,126400,0.379606627885585,0.591939075217113,0.580301261759612,0.0400921103548025
"LBN","Lebanon",1988,465428,814869,704925,1332548,136875,3454645,1280297,1985222,2037473,136875,0.370601610295703,0.574652967236865,0.589777820875951,0.0396205688283456
"LBN","Lebanon",1992,480670,874652,729627,1502788,159633,3747370,1355322,2084949,2232415,159633,0.36167285322773,0.556376605459295,0.595728470900925,0.0425986758713444
"LBN","Lebanon",1996,455623,924839,776679,1687676,189958,4034775,1380462,2157141,2464355,189958,0.342141011580571,0.534637247430154,0.61077879187811,0.0470801965413189
"LBN","Lebanon",2000,446848,934406,839733,1886980,221367,4329334,1381254,2220987,2726713,221367,0.319045377418328,0.513008929317997,0.629822739479098,0.0511318831025742
"LBN","Lebanon",2004,449304,910803,895162,2092387,251611,4599267,1360107,2255269,2987549,251611,0.295722557529276,0.490354006410152,0.649570681589045,0.0547067608816796
"LBN","Lebanon",2008,437279,902929,940596,2359950,284576,4925330,1340208,2280804,3300546,284576,0.272105219345709,0.46307638269923,0.670116723143424,0.0577780575108673
"LBN","Lebanon",2012,459181,897734,934545,2622188,322040,5235688,1356915,2291460,3556733,322040,0.259166512595861,0.437661678847173,0.679324856637752,0.0615086307663864
"LBN","Lebanon",2016,593460,1075248,1034887,3156118,463259,6322972,1668708,2703595,4191005,463259,0.26391197051007,0.42758294675352,0.662822008384665,0.0732660211052651
"LBN","Lebanon",2020,482266,1111358,961054,2627452,520161,5702291,1593624,2554678,3588506,520161,0.279470830232971,0.448009054606298,0.629309517876236,0.0912196518907927
"LBR","Liberia",1952,151889,245033,186398,343598,28059,954977,396922,583320,529996,28059,0.415635140951039,0.61082099359461,0.554982999590566,0.0293818594583953
"LBR","Liberia",1956,172158,255576,204031,377254,30138,1039157,427734,631765,581285,30138,0.411616339013258,0.607959143805989,0.559381306193386,0.0290023547933565
"LBR","Liberia",1960,195224,272656,223223,415505,32911,1139519,467880,691103,638728,32911,0.41059429461027,0.606486596537662,0.560524221184552,0.0288814842051778
"LBR","Liberia",1964,221273,303993,236993,460282,36208,1258749,525266,762259,697275,36208,0.417292089209207,0.605568703530251,0.553942843251514,0.0287650675392791
"LBR","Liberia",1968,247773,345967,250110,509701,39981,1393532,593740,843850,759811,39981,0.426068436175129,0.605547630050835,0.545241157002494,0.0286904068223765
"LBR","Liberia",1972,272538,393273,271696,560836,44331,1542674,665811,937507,832532,44331,0.431595398638987,0.607715564014173,0.539668134680432,0.0287364666805819
"LBR","Liberia",1976,305465,443458,309209,609312,49627,1717071,748923,1058132,918521,49627,0.436163094013002,0.61624242678375,0.534934781380618,0.0289021246063791
"LBR","Liberia",1980,351389,498004,354357,669296,56210,1929256,849393,1203750,1023653,56210,0.440269720555489,0.62394518923357,0.530594695571764,0.0291355838727468
"LBR","Liberia",1984,394951,566548,404814,743389,63606,2173308,961499,1366313,1148203,63606,0.442412672294953,0.628678953926457,0.52832042213989,0.0292669055651569
"LBR","Liberia",1988,434453,647077,457161,835561,72679,2446931,1081530,1538691,1292722,72679,0.441994482067537,0.628824842220725,0.528303413541289,0.0297021043911741
"LBR","Liberia",1992,357633,555706,390204,706397,62522,2072462,913339,1303543,1096601,62522,0.44070241094891,0.628982823328003,0.529129605271412,0.0301679837796785
"LBR","Liberia",1996,380034,589724,433883,760605,68040,2232286,969758,1403641,1194488,68040,0.434423725275346,0.628790844900698,0.535096309343874,0.0304799653807801
"LBR","Liberia",2000,502844,757511,578823,997637,91301,2928116,1260355,1839178,1576460,91301,0.430432059385625,0.628109678714914,0.538387140400175,0.0311808002141992
"LBR","Liberia",2004,538724,816607,618023,1082712,100825,3156891,1355331,1973354,1700735,100825,0.429324610827552,0.625094119499216,0.53873732099081,0.0319380681816382
"LBR","Liberia",2008,651236,997703,728693,1319426,123943,3821001,1648939,2377632,2048119,123943,0.431546340867223,0.622253697395002,0.536016347548718,0.0324373115840587
"LBR","Liberia",2012,710726,1142878,831904,1546133,141374,4373015,1853604,2685508,2378037,141374,0.423873231626235,0.614109030039915,0.54379804322647,0.0323287251472954
"LBR","Liberia",2016,739348,1270680,907341,1686875,151360,4755604,2010028,2917369,2594216,151360,0.422665133598172,0.613459194668017,0.545507153244888,0.0318277131569407
"LBR","Liberia",2020,751896,1378785,1019907,1832994,165887,5149469,2130681,3150588,2852901,165887,0.413767128222347,0.611827743792612,0.554018482294,0.0322143894836536
"LBY","Libya",1952,190988,272394,208462,430753,59881,1162478,463382,671844,639215,59881,0.398615715738276,0.577941259963629,0.549872771785789,0.051511512475935
"LBY","Libya",1956,224384,303616,228030,464962,61968,1282960,528000,756030,692992,61968,0.41154829456881,0.589285714285714,0.540150901041342,0.0483008043898485
"LBY","Libya",1960,277796,372829,259006,518617,64641,1492889,650625,909631,777623,64641,0.435816058662097,0.609309198473564,0.520884673944279,0.043299267393624
"LBY","Libya",1964,339997,467689,293635,585211,67158,1753690,807686,1101321,878846,67158,0.460563725629957,0.628002098432448,0.501141022643683,0.0382952517263598
"LBY","Libya",1968,404653,577227,310074,592013,68820,1952787,981880,1291954,902087,68820,0.502809574213675,0.661594940974105,0.461948486957359,0.035241938828966
"LBY","Libya",1972,431821,701764,376586,645024,70907,2226102,1133585,1510171,1021610,70907,0.509224195477117,0.678392544456633,0.458923265870117,0.0318525386527661
"LBY","Libya",1976,517998,803260,531762,793354,74869,2721243,1321258,1853020,1325116,74869,0.485534735413192,0.680946170555147,0.486952469882329,0.0275127947044788
"LBY","Libya",1980,662960,970616,699874,1008545,82374,3424369,1633576,2333450,1708419,82374,0.477044383943436,0.68142481140321,0.49890038135493,0.0240552347016341
"LBY","Libya",1984,641869,1099552,742498,1195601,94113,3773633,1741421,2483919,1938099,94113,0.461470683556138,0.658230145856791,0.51358968929941,0.024939627144452
"LBY","Libya",1988,620412,1218718,872145,1414033,112443,4237751,1839130,2711275,2286178,112443,0.43398727296625,0.639791011789036,0.539479077463494,0.0265336495702555
"LBY","Libya",1992,584752,1256727,1016850,1644971,137052,4640352,1841479,2858329,2661821,137052,0.396840369006489,0.615972452089841,0.573624802601182,0.0295348283923289
"LBY","Libya",1996,537847,1217102,1159339,1907929,165175,4987392,1754949,2914288,3067268,165175,0.351877093278411,0.584331049173596,0.61500439508264,0.0331185116389488
"LBY","Libya",2000,540914,1154087,1231186,2183127,195694,5305008,1695001,2926187,3414313,195694,0.319509603001541,0.551589554624611,0.643601856962327,0.0368885400361319
"LBY","Libya",2004,615934,1174332,1286848,2436367,223200,5736681,1790266,3077114,3723215,223200,0.312073479421289,0.536392733010603,0.649019005937405,0.0389075146413057
"LBY","Libya",2008,691605,1198091,1277457,2819483,248778,6235414,1889696,3167153,4096940,248778,0.303058626099245,0.507929866405021,0.657043782497842,0.0398975914029125
"LBY","Libya",2012,704021,1242260,1067921,2893520,271580,6179302,1946281,3014202,3961441,271580,0.314967774677464,0.487790044895038,0.641082277577629,0.0439499477449071
"LBY","Libya",2016,706132,1340833,1103068,3180896,301166,6632095,2046965,3150033,4283964,301166,0.308645307402864,0.474968015385787,0.645944305683197,0.045410386913939
"LBY","Libya",2020,678822,1396952,1186130,3456136,327318,7045358,2075774,3261904,4642266,327318,0.294630024478529,0.462986266986007,0.658911300178075,0.0464586753433963
"LCA","Saint Lucia",1952,17555,26585,15678,31621,2991,94430,44140,59818,47299,2991,0.467436196124113,0.633463941544001,0.500889547813195,0.0316742560626919
"LCA","Saint Lucia",1956,17179,25959,15622,31478,3235,93473,43138,58760,47100,3235,0.461502251987205,0.628630727589785,0.503888823510532,0.0346089245022627
"LCA","Saint Lucia",1960,17936,25656,15960,29494,3559,92605,43592,59552,45454,3559,0.470730522110037,0.643075427892662,0.490837427784677,0.0384320501052859
"LCA","Saint Lucia",1964,18536,29799,17166,27152,3876,96529,48335,65501,44318,3876,0.500730350464627,0.678562918915559,0.459115913352464,0.0401537361829088
"LCA","Saint Lucia",1968,18875,31308,17830,28408,4275,100696,50183,68013,46238,4275,0.498361404623818,0.675429014062128,0.459184078811472,0.0424545165647096
"LCA","Saint Lucia",1972,18598,34815,19309,28580,4719,106021,53413,72722,47889,4719,0.503796417690835,0.685920713820847,0.45169353241339,0.0445100498957754
"LCA","Saint Lucia",1976,18450,36584,24270,28008,5130,112442,55034,79304,52278,5130,0.489443446399032,0.705288059621849,0.464933032141015,0.0456235214599527
"LCA","Saint Lucia",1980,18601,34790,25774,34403,5734,119302,53391,79165,60177,5734,0.447528121909105,0.663568087710181,0.504408978893899,0.0480628991969959
"LCA","Saint Lucia",1984,19747,35224,29648,36168,6298,127085,54971,84619,65816,6298,0.432553015698155,0.665845693826966,0.51788960144785,0.0495573828539954
"LCA","Saint Lucia",1988,20012,36226,31259,40697,6825,135019,56238,87497,71956,6825,0.41651915656315,0.648034721039261,0.53293240210637,0.0505484413304794
"LCA","Saint Lucia",1992,18286,35122,29983,50437,7801,141629,53408,83391,80420,7801,0.37709791073862,0.588798904179229,0.567821561968241,0.0550805272931391
"LCA","Saint Lucia",1996,18495,36033,31411,56371,8143,150453,54528,85939,87782,8143,0.362425475065303,0.57120163772075,0.583451310375998,0.0541232145586994
"LCA","Saint Lucia",2000,16564,34769,31488,65757,10045,158623,51333,82821,97245,10045,0.323616373413692,0.522124786443328,0.613057375033885,0.063326251552423
"LCA","Saint Lucia",2004,14206,33811,33011,72396,10825,164249,48017,81028,105407,10825,0.292342723547784,0.49332416026886,0.641751243538773,0.0659060329134424
"LCA","Saint Lucia",2008,12595,31106,32486,80953,11675,168815,43701,76187,113439,11675,0.25886917631727,0.451304682640761,0.671972277345023,0.069158546337707
"LCA","Saint Lucia",2012,11702,27555,32070,88085,13181,172593,39257,71327,120155,13181,0.227454184121025,0.413267050227993,0.696175395294131,0.0763704205848441
"LCA","Saint Lucia",2016,10579,25132,31566,94141,14231,175649,35711,67277,125707,14231,0.203308871670206,0.383019544660089,0.715671595056049,0.0810195332737448
"LCA","Saint Lucia",2020,10458,22935,28893,100445,15528,178259,33393,62286,129338,15528,0.187328550031134,0.349412932867345,0.72556224370158,0.0871092062672852
"LIE","Liechtenstein",1952,1458,2775,2024,6856,1138,14251,4233,6257,8880,1138,0.297031787243001,0.439056908287138,0.623114167426847,0.0798540453301523
"LIE","Liechtenstein",1956,1513,2985,2371,7171,1225,15265,4498,6869,9542,1225,0.29466098919096,0.44998362266623,0.625090075335735,0.0802489354733049
"LIE","Liechtenstein",1960,1730,3040,2807,7623,1312,16512,4770,7577,10430,1312,0.288880813953488,0.458878391472868,0.631661821705426,0.0794573643410853
"LIE","Liechtenstein",1964,1788,3346,3383,8218,1435,18170,5134,8517,11601,1435,0.282553659878921,0.468739680792515,0.638470005503577,0.0789763346175014
"LIE","Liechtenstein",1968,2014,3606,3738,9174,1573,20105,5620,9358,12912,1573,0.27953245461328,0.465456354140761,0.642228301417558,0.0782392439691619
"LIE","Liechtenstein",1972,2071,3963,3920,10283,1785,22022,6034,9954,14203,1785,0.273998728544183,0.452002542911634,0.644945963127781,0.0810553083280356
"LIE","Liechtenstein",1976,1852,4142,4183,11379,2054,23610,5994,10177,15562,2054,0.253875476493011,0.431046166878441,0.659127488352393,0.0869970351545955
"LIE","Liechtenstein",1980,1768,4042,4298,12715,2291,25114,5810,10108,17013,2291,0.231345066496775,0.402484669905232,0.677430915027475,0.0912240184757506
"LIE","Liechtenstein",1984,1860,3856,4616,13923,2397,26652,5716,10332,18539,2397,0.214467957376557,0.387663214768122,0.695595077292511,0.089936965330932
"LIE","Liechtenstein",1988,1864,3674,4828,15072,2733,28171,5538,10366,19900,2733,0.196585140747577,0.367967058322388,0.706400198785986,0.0970146604664371
"LIE","Liechtenstein",1992,1928,3688,4557,16540,3037,29750,5616,10173,21097,3037,0.188773109243697,0.341949579831933,0.709142857142857,0.102084033613445
"LIE","Liechtenstein",1996,2038,3890,4196,18129,3243,31496,5928,10124,22325,3243,0.188214376428753,0.321437642875286,0.708820167640335,0.102965455930912
"LIE","Liechtenstein",2000,2045,4060,4088,19479,3463,33135,6105,10193,23567,3463,0.184246265278407,0.307620341029123,0.711241889240984,0.10451184548061
"LIE","Liechtenstein",2004,1927,4188,4238,20210,3845,34408,6115,10353,24448,3845,0.177720297605208,0.300889328063241,0.710532434317601,0.111747268077191
"LIE","Liechtenstein",2008,1829,4058,4293,20754,4531,35465,5887,10180,25047,4531,0.165994642605386,0.287043564077259,0.70624559424785,0.127759763146764
"LIE","Liechtenstein",2012,1842,3868,4441,21058,5407,36616,5710,10151,25499,5407,0.155942757264584,0.277228533974219,0.696389556478042,0.147667686257374
"LIE","Liechtenstein",2016,1815,3773,4334,21363,6346,37631,5588,9922,25697,6346,0.148494592224496,0.263665594855305,0.682867848316548,0.168637559458957
"LIE","Liechtenstein",2020,1859,3797,4148,21748,7238,38790,5656,9804,25896,7238,0.145810775973189,0.252745552977572,0.667594740912606,0.186594483114205
"LKA","Sri Lanka",1952,1252194,1951867,1475229,2910929,521261,8111480,3204061,4679290,4386158,521261,0.395003254646501,0.57687253127666,0.540734613165538,0.0642621321879608
"LKA","Sri Lanka",1956,1362326,2199212,1589320,3220796,435503,8807157,3561538,5150858,4810116,435503,0.40439133763597,0.584849117598335,0.54615990154371,0.0494487608203192
"LKA","Sri Lanka",1960,1516107,2441470,1766739,3529008,407980,9661304,3957577,5724316,5295747,407980,0.409631763993763,0.592499314792289,0.548139981932046,0.0422282540741912
"LKA","Sri Lanka",1964,1645697,2680108,2024435,3892685,410376,10653301,4325805,6350240,5917120,410376,0.406053015868039,0.596081909259862,0.555425966092575,0.0385210180393852
"LKA","Sri Lanka",1968,1737076,2973139,2268466,4313349,443907,11735937,4710215,6978681,6581815,443907,0.401349717538531,0.594641995777585,0.560825692912292,0.037824589549177
"LKA","Sri Lanka",1972,1789326,3230884,2487457,4802928,498493,12809088,5020210,7507667,7290385,498493,0.391925639046277,0.586120338934357,0.569157226494189,0.0389171344595337
"LKA","Sri Lanka",1976,1789184,3398729,2747816,5294159,566799,13796687,5187913,7935729,8041975,566799,0.376025998125492,0.575190913586718,0.58289174785222,0.0410822540222881
"LKA","Sri Lanka",1980,1931306,3479139,2993477,5786135,657836,14847893,5410445,8403922,8779612,657836,0.364391432508303,0.566000980745214,0.591303560713968,0.0443050067777293
"LKA","Sri Lanka",1984,1914055,3574504,3094948,6101122,757160,15441789,5488559,8583507,9196070,757160,0.355435435622129,0.555862212597258,0.5955313856445,0.0490331787333709
"LKA","Sri Lanka",1988,1669855,3714923,3247190,6581088,865509,16078565,5384778,8631968,9828278,865509,0.334904141010096,0.536861840593361,0.611265868564763,0.0538299904251405
"LKA","Sri Lanka",1992,1618386,3632633,3363091,7146203,978921,16739234,5251019,8614110,10509294,978921,0.313695298124155,0.514605984957257,0.627824068891085,0.058480632984759
"LKA","Sri Lanka",1996,1684915,3443641,3582027,8103287,1091080,17904950,5128556,8710583,11685314,1091080,0.286432299447918,0.486490216392674,0.652630361994867,0.0609373385572146
"LKA","Sri Lanka",2000,1723406,3485972,3736649,9149810,1197139,19292976,5209378,8946027,12886459,1197139,0.270014226939379,0.46369347061853,0.667935263071908,0.062050509988713
"LKA","Sri Lanka",2004,1785802,3427888,3643886,9918962,1310963,20087501,5213690,8857576,13562848,1310963,0.259548960321147,0.440949623350361,0.675188416916569,0.0652626227622839
"LKA","Sri Lanka",2008,1824461,3454024,3388853,10511432,1450468,20629238,5278485,8667338,13900285,1450468,0.25587396878159,0.420148238146266,0.67381475748159,0.0703112737368196
"LKA","Sri Lanka",2012,1812117,3518017,3341206,10810828,1687098,21169266,5330134,8671340,14152034,1687098,0.251786434163565,0.409619303758572,0.668517935388029,0.0796956304484057
"LKA","Sri Lanka",2016,1761779,3601615,3367673,11132024,2047374,21910465,5363394,8731067,14499697,2047374,0.244786863263742,0.398488439200172,0.661770391454494,0.0934427452817638
"LKA","Sri Lanka",2020,1676502,3588848,3419897,11458900,2417214,22561361,5265350,8685247,14878797,2417214,0.233379094461544,0.384961128896435,0.659481358416276,0.107139547122179
"LSO","Lesotho",1952,109787,155014,101051,200763,35328,601943,264801,365852,301814,35328,0.439910423412184,0.6077851225116,0.501399634184632,0.0586899424031844
"LSO","Lesotho",1956,114542,178912,124658,206465,32736,657313,293454,418112,331123,32736,0.446444844389203,0.636092698607817,0.503752398020426,0.0498027575903717
"LSO","Lesotho",1960,130338,202190,133781,237220,32974,736503,332528,466309,371001,32974,0.451495784810109,0.633139308325967,0.503733182349563,0.0447710328403279
"LSO","Lesotho",1964,144974,227426,147278,274306,35454,829438,372400,519678,421584,35454,0.448978706063624,0.626542309370923,0.508276688552972,0.0427446053834042
"LSO","Lesotho",1968,159591,261772,162740,325092,38909,948104,421363,584103,487832,38909,0.444426982693882,0.61607481879625,0.51453427050197,0.0410387468041481
"LSO","Lesotho",1972,176462,290692,201281,383406,42224,1094065,467154,668435,584687,42224,0.426989255665797,0.610964613619849,0.534417059315489,0.0385936850187146
"LSO","Lesotho",1976,202557,316788,238505,449003,46360,1253213,519345,757850,687508,46360,0.414410798483578,0.604725613283616,0.548596288101065,0.0369929134153572
"LSO","Lesotho",1980,237102,355250,272396,488795,52983,1406526,592352,864748,761191,52983,0.421145432078753,0.614811244157591,0.541185161170145,0.0376694067511016
"LSO","Lesotho",1984,263186,413200,300812,539574,62216,1578988,676386,977198,840386,62216,0.428366776694946,0.61887614092064,0.532230770594837,0.0394024527102169
"LSO","Lesotho",1988,286836,455684,333742,592438,71143,1739843,742520,1076262,926180,71143,0.426774139965503,0.61859719526417,0.53233538888279,0.0408904711517074
"LSO","Lesotho",1992,292574,508999,359877,633271,78555,1873276,801573,1161450,993148,78555,0.42789903890297,0.62001007860027,0.530166403669294,0.0419345574277362
"LSO","Lesotho",1996,276116,545412,400548,665387,84953,1972416,821528,1222076,1065935,84953,0.416508485025471,0.619583292773938,0.540420986242253,0.0430705287322755
"LSO","Lesotho",2000,262675,530968,439967,679540,90759,2003909,793643,1233610,1119507,90759,0.396047425307237,0.615601806269646,0.558661595910792,0.0452909787819706
"LSO","Lesotho",2004,253864,489856,461680,673455,92263,1971118,743720,1205400,1135135,92263,0.377308715155561,0.611531120917165,0.575883838511951,0.0468074463324874
"LSO","Lesotho",2008,254483,466715,471088,686333,87914,1966533,721198,1192286,1157421,87914,0.366735773058474,0.606288325698069,0.588559154613729,0.0447050723277972
"LSO","Lesotho",2012,269871,473022,463019,746356,82078,2034346,742893,1205912,1209375,82078,0.365175343820569,0.592776253400356,0.594478520369691,0.0403461358097393
"LSO","Lesotho",2016,283676,496335,441040,827563,81787,2130401,780011,1221051,1268603,81787,0.366133418074813,0.57315547636337,0.595476156836201,0.0383904250889856
"LSO","Lesotho",2020,278781,522551,444280,905404,84682,2235698,801332,1245612,1349684,84682,0.358425869683651,0.557146806053411,0.603696921498342,0.0378772088180067
"LTU","Lithuania",1952,249362,460151,475774,1123461,177204,2485952,709513,1185287,1599235,177204,0.2854089700847,0.476794000849574,0.643308881265608,0.0712821486496923
"LTU","Lithuania",1956,264286,466001,471940,1220282,184611,2607120,730287,1202227,1692222,184611,0.280112537972936,0.461132207186474,0.649077142594127,0.0708103194329375
"LTU","Lithuania",1960,276461,475208,465629,1333036,218593,2768927,751669,1217298,1798665,218593,0.27146580606856,0.439628058088928,0.649589172990115,0.0789450209413249
"LTU","Lithuania",1964,292986,510685,452457,1419389,253138,2928655,803671,1256128,1871846,253138,0.274416412995044,0.42890951648453,0.63914868770818,0.0864348992967762
"LTU","Lithuania",1968,272029,564362,443242,1494190,296204,3070027,836391,1279633,1937432,296204,0.272437669114962,0.416814900976441,0.631079791806391,0.0964825390786465
"LTU","Lithuania",1972,269623,581831,484362,1527438,341417,3204671,851454,1335816,2011800,341417,0.265691548367992,0.416834052543927,0.627771150299048,0.106537301332961
"LTU","Lithuania",1976,262496,556000,542558,1586304,376946,3324304,818496,1361054,2128862,376946,0.246215749221491,0.409425251120234,0.640393297363899,0.113390953414609
"LTU","Lithuania",1980,256614,542497,578648,1662949,387347,3428055,799111,1377759,2241597,387347,0.233109153732948,0.401906912228654,0.653897618328761,0.112993227938292
"LTU","Lithuania",1984,269271,536141,579554,1776728,371973,3533667,805412,1384966,2356282,371973,0.227925268566619,0.391934497506415,0.66680929470717,0.105265436726211
"LTU","Lithuania",1988,295074,533698,562441,1881617,399382,3672212,828772,1391213,2444058,399382,0.225687405846939,0.378848770169043,0.665554711982859,0.108757882170202
"LTU","Lithuania",1992,277890,551566,544463,1903691,419507,3697117,829456,1373919,2448154,419507,0.224352110036009,0.371619020983107,0.662179206121959,0.113468683842032
"LTU","Lithuania",1996,226462,548127,509392,1861660,453768,3599409,774589,1283981,2371052,453768,0.215198939603696,0.356719950414082,0.658733697670923,0.126067362725381
"LTU","Lithuania",2000,184413,514047,497525,1819931,484224,3500140,698460,1195985,2317456,484224,0.199552017919283,0.341696332146714,0.662103801562223,0.138344180518494
"LTU","Lithuania",2004,154108,432177,499248,1763928,526984,3376445,586285,1085533,2263176,526984,0.173639730544996,0.321501757025511,0.670283685947794,0.15607658350721
"LTU","Lithuania",2008,144481,345156,476319,1685463,546789,3198208,489637,965956,2161782,546789,0.153097296986312,0.302030387016729,0.675935398823341,0.170967304190347
"LTU","Lithuania",2012,150012,290334,409606,1595103,543025,2988080,440346,849952,2004709,543025,0.147367540360365,0.284447538218522,0.670902050815239,0.181730408824396
"LTU","Lithuania",2016,151090,271878,346813,1549152,549956,2868889,422968,769781,1895965,549956,0.147432682128866,0.268320245223848,0.660870810965499,0.191696506905635
"LTU","Lithuania",2020,142884,279707,282074,1533786,557073,2795524,422591,704665,1815860,557073,0.151167008403434,0.252069021764793,0.649559796302947,0.199273195293619
"LUX","Luxembourg",1952,20483,39629,47426,162431,29940,299909,60112,107538,209857,29940,0.200434131686612,0.358568765858977,0.699735586461227,0.0998302818521618
"LUX","Luxembourg",1956,23222,39984,43571,168286,31894,306957,63206,106777,211857,31894,0.205911577191594,0.347856540166864,0.69018461869252,0.103903804115886
"LUX","Luxembourg",1960,24347,42299,41847,172072,33323,313888,66646,108493,213919,33323,0.212324141094913,0.345642394739525,0.681513788357631,0.106162070547456
"LUX","Luxembourg",1964,25351,46847,42843,174649,36542,326232,72198,115041,217492,36542,0.221308761862723,0.352635547708379,0.666678927879546,0.112012310257731
"LUX","Luxembourg",1968,25336,50595,45056,175462,40565,337014,75931,120987,220518,40565,0.225305180200229,0.358996955616087,0.654328900283074,0.120365919516697
"LUX","Luxembourg",1972,22656,51955,50338,177072,44061,346082,74611,124949,227410,44061,0.215587635300305,0.361038713368508,0.657098606688588,0.127313758011107
"LUX","Luxembourg",1976,20426,51455,55350,181683,46960,355874,71881,127231,237033,46960,0.201984410212603,0.357516986349101,0.666058773610885,0.131956816176512
"LUX","Luxembourg",1980,20586,47710,57106,188995,49310,363707,68296,125402,246101,49310,0.187777524215921,0.344788524829052,0.676646311454,0.135576164330079
"LUX","Luxembourg",1984,21255,42683,56302,197464,48195,365899,63938,120240,253766,48195,0.174742210282072,0.328615273613757,0.693541113804629,0.131716675913298
"LUX","Luxembourg",1988,21632,41832,52976,207450,49893,373783,63464,116440,260426,49893,0.169788353135375,0.311517645264766,0.696730455906234,0.13348119095839
"LUX","Luxembourg",1992,25163,44605,49042,220126,53028,391964,69768,118810,269168,53028,0.177995938402506,0.303114571746385,0.686716126991254,0.135287934606239
"LUX","Luxembourg",1996,27809,48954,48101,230779,58124,413767,76763,124864,278880,58124,0.185522286697586,0.301773703557799,0.674002518325531,0.140475194976883
"LUX","Luxembourg",2000,28434,54179,49722,242595,61193,436123,82613,132335,292317,61193,0.189425918834824,0.30343504011483,0.670262746977344,0.140311334187832
"LUX","Luxembourg",2004,27981,57531,53378,254950,64436,458276,85512,138890,308328,64436,0.186594977699029,0.303070638654435,0.672799797501942,0.140605224799029
"LUX","Luxembourg",2008,28288,59930,57779,274387,68571,488955,88218,145997,332166,68571,0.180421511182011,0.298589849781677,0.679338589440746,0.140239899377243
"LUX","Luxembourg",2012,29910,60702,64533,301650,74105,530900,90612,155145,366183,74105,0.170676210209079,0.292230175174232,0.689740064042192,0.139583725748729
"LUX","Luxembourg",2016,32042,63372,69442,335547,83047,583450,95414,164856,404989,83047,0.163534150312795,0.282553774959294,0.69412803153655,0.142337818150656
"LUX","Luxembourg",2020,33118,67616,71841,366046,91903,630524,100734,172575,437887,91903,0.159762356389289,0.273700921773001,0.694481098261129,0.145756545349582
"LVA","Latvia",1952,155930,315157,344976,934419,199025,1949507,471087,816063,1279395,199025,0.241644169525937,0.418599676738786,0.656265917485805,0.102089912988258
"LVA","Latvia",1956,153012,306417,347856,1001633,210565,2019483,459429,807285,1349489,210565,0.227498325066366,0.399748351434501,0.668234889820811,0.104266785112823
"LVA","Latvia",1960,166545,307113,337424,1094457,225611,2131150,473658,811082,1431881,225611,0.222254651244633,0.380584191633625,0.671881847828637,0.10586350092673
"LVA","Latvia",1964,171258,327684,326068,1163027,241686,2229723,498942,825010,1489095,241686,0.223768602647055,0.370005601592664,0.667838561112748,0.108392836240197
"LVA","Latvia",1968,159157,344111,322176,1222266,269542,2317252,503268,825444,1544442,269542,0.217183111720262,0.356216760196992,0.66649721307825,0.116319675201489
"LVA","Latvia",1972,171732,342808,349340,1234767,297156,2395803,514540,863880,1584107,297156,0.214767240879154,0.360580565263505,0.661200858334345,0.1240319007865
"LVA","Latvia",1976,177320,337350,376126,1262334,317321,2470451,514670,890796,1638460,317321,0.208330381780493,0.360580315092265,0.663223030936457,0.128446587283051
"LVA","Latvia",1980,172856,342331,384313,1287839,324314,2511653,515187,899500,1672152,324314,0.20511870071224,0.358130681268471,0.665757570810936,0.129123728476824
"LVA","Latvia",1984,188334,352431,368831,1347506,305543,2562645,540765,909596,1716337,305543,0.211018303354542,0.354944208035058,0.669752150610014,0.119229546035444
"LVA","Latvia",1988,207600,359535,369115,1406168,309706,2652124,567135,936250,1775283,309706,0.213841811318023,0.353018938782651,0.669381597542196,0.116776591139781
"LVA","Latvia",1992,184503,376066,354803,1371126,328214,2614712,560569,915372,1725929,328214,0.214390342033845,0.35008521014934,0.660083787430509,0.125525870535646
"LVA","Latvia",1996,126991,370440,331390,1286137,342852,2457810,497431,828821,1617527,342852,0.202387898169509,0.337219313128354,0.658117185624601,0.139494916205891
"LVA","Latvia",2000,95441,322964,340116,1254782,354915,2368218,418405,758521,1594898,354915,0.176675035828627,0.320291881912898,0.673459115672628,0.149865848498745
"LVA","Latvia",2004,99646,245057,349860,1196495,373001,2264059,344703,694563,1546355,373001,0.152250007619059,0.306777782734461,0.683001193873481,0.164748798507459
"LVA","Latvia",2008,109793,196036,329926,1155981,385835,2177571,305829,635755,1485907,385835,0.140445018784692,0.291956037254354,0.6823690249365,0.177185956278808
"LVA","Latvia",2012,102801,189441,251600,1110816,379818,2034476,292242,543842,1362416,379818,0.143644850074417,0.267313057514564,0.669664326342508,0.186690823583075
"LVA","Latvia",2016,105300,196628,193965,1076399,387422,1959714,301928,495893,1270364,387422,0.154067379219621,0.253043556355672,0.648239488006923,0.197693132773456
"LVA","Latvia",2020,100666,203471,173663,1030314,392859,1900973,304137,477800,1203977,392859,0.159990173453279,0.251344969128967,0.633347764539528,0.206662062007193
"MAC","Macao",1952,31867,31028,37508,93651,6362,200416,62895,100403,131159,6362,0.313822249720581,0.500972976209484,0.654433777742296,0.0317439725371228
"MAC","Macao",1956,30734,39905,27579,86442,7528,192188,70639,98218,114021,7528,0.367551564093492,0.511051678564739,0.593278456511333,0.0391699793951756
"MAC","Macao",1960,21163,48370,21714,73080,9006,173333,69533,91247,94794,9006,0.401152694524413,0.526426012357716,0.546889513249064,0.0519577922265235
"MAC","Macao",1964,35239,76314,30454,73791,9872,225670,111553,142007,104245,9872,0.494319138565162,0.629268400762175,0.461935569637081,0.0437452917977578
"MAC","Macao",1968,28275,87821,53358,77566,10921,257941,116096,169454,130924,10921,0.450087423092878,0.656948682062952,0.507573437336445,0.042339139570677
"MAC","Macao",1972,14071,73984,83779,90531,10820,273185,88055,171834,174310,10820,0.322327360579827,0.629002324432161,0.638065779599905,0.0396068598202683
"MAC","Macao",1976,35692,62100,42781,64135,22677,227385,97792,140573,106916,22677,0.430072344261935,0.618215801394111,0.470198122127669,0.0997295336103965
"MAC","Macao",1980,15627,50394,60870,99718,19494,246103,66021,126891,160588,19494,0.268265726139056,0.515601191371093,0.65252353689309,0.0792107369678549
"MAC","Macao",1984,22084,46860,60549,130645,20419,280557,68944,129493,191194,20419,0.245739724904387,0.46155683158859,0.681480055746248,0.0727802193493657
"MAC","Macao",1988,32918,46521,62442,163016,22012,326909,79439,141881,225458,22012,0.243000345661943,0.43400762903438,0.689665931497756,0.0673337228403011
"MAC","Macao",1992,33373,58355,62015,194018,24492,372253,91728,153743,256033,24492,0.246413057785968,0.413006745412394,0.687792979505874,0.0657939627081582
"MAC","Macao",1996,30596,71597,60492,216339,28003,407027,102193,162685,276831,28003,0.251071796219907,0.399690929594351,0.680129328029836,0.0687988757502574
"MAC","Macao",2000,23897,75686,62309,244193,31223,437308,99583,161892,306502,31223,0.227718221482342,0.370201322637592,0.700883587768804,0.0713981907488544
"MAC","Macao",2004,19504,67997,86082,274707,33903,482193,87501,173583,360789,33903,0.1814646832285,0.359986561397615,0.74822529568036,0.0703100210911399
"MAC","Macao",2008,21486,54368,104199,319459,36398,535910,75854,180053,423658,36398,0.141542423168069,0.335976190031908,0.790539456251983,0.0679181205799481
"MAC","Macao",2012,25302,46751,96528,375096,43737,587414,72053,168581,471624,43737,0.12266135979054,0.286988393194578,0.802881783546187,0.0744568566632733
"MAC","Macao",2016,33876,50374,84013,408734,57268,634265,84250,168263,492747,57268,0.132830914523109,0.265288168194682,0.776878749418618,0.0902903360582722
"MAC","Macao",2020,34577,63597,74322,433304,77196,682996,98174,172496,507626,77196,0.143740226882734,0.252557848069388,0.743234220991045,0.11302555212622
"MAF","Saint Martin (French part)",1952,609,726,539,1238,138,3250,1335,1874,1777,138,0.410769230769231,0.576615384615385,0.546769230769231,0.0424615384615385
"MAF","Saint Martin (French part)",1956,717,931,603,1334,160,3745,1648,2251,1937,160,0.440053404539386,0.601068090787717,0.517222963951936,0.0427236315086782
"MAF","Saint Martin (French part)",1960,773,1200,665,1459,175,4272,1973,2638,2124,175,0.46184456928839,0.61750936329588,0.497191011235955,0.0409644194756554
"MAF","Saint Martin (French part)",1964,837,1425,792,1606,193,4853,2262,3054,2398,193,0.46610344117041,0.62930146301257,0.494127343910983,0.039769214918607
"MAF","Saint Martin (French part)",1968,962,1568,1102,1865,217,5714,2530,3632,2967,217,0.44277213860693,0.635631781589079,0.519250962548127,0.0379768988449423
"MAF","Saint Martin (French part)",1972,1131,1726,1302,2017,252,6428,2857,4159,3319,252,0.444461729931549,0.647013067828251,0.51633478531425,0.0392034847542004
"MAF","Saint Martin (French part)",1976,1154,1991,1495,2392,288,7320,3145,4640,3887,288,0.429644808743169,0.633879781420765,0.531010928961749,0.039344262295082
"MAF","Saint Martin (French part)",1980,1046,2218,1625,3155,264,8308,3264,4889,4780,264,0.392874337987482,0.588468945594608,0.575349061145883,0.0317766008666346
"MAF","Saint Martin (French part)",1984,1569,2610,3508,5774,292,13753,4179,7687,9282,292,0.303860975787101,0.558932596524395,0.674907292954265,0.0212317312586345
"MAF","Saint Martin (French part)",1988,2955,3612,4919,11812,472,23770,6567,11486,16731,472,0.276272612536811,0.483214135464872,0.703870424905343,0.019856962557846
"MAF","Saint Martin (French part)",1992,3747,4917,4296,15423,715,29098,8664,12960,19719,715,0.297752422846931,0.445391435837515,0.677675441611107,0.0245721355419616
"MAF","Saint Martin (French part)",1996,3301,5713,3841,15667,943,29465,9014,12855,19508,943,0.305922280671984,0.436280332597998,0.662073646699474,0.0320040726285423
"MAF","Saint Martin (French part)",2000,2951,5789,4062,16066,1152,30020,8740,12802,20128,1152,0.291139240506329,0.426449033977348,0.670486342438374,0.0383744170552965
"MAF","Saint Martin (French part)",2004,3675,6011,4797,17355,1358,33196,9686,14483,22152,1358,0.291782142426798,0.436287504518617,0.667309314375226,0.0409085431979757
"MAF","Saint Martin (French part)",2008,3324,6860,5048,19004,1741,35977,10184,15232,24052,1741,0.283069738999917,0.423381604914251,0.668538232759819,0.0483920282402646
"MAF","Saint Martin (French part)",2012,3287,6895,5017,19859,2240,37298,10182,15199,24876,2240,0.27299050887447,0.407501742720789,0.666952651616709,0.0600568395088208
"MAF","Saint Martin (French part)",2016,3097,6585,4611,20091,2816,37200,9682,14293,24702,2816,0.260268817204301,0.384220430107527,0.664032258064516,0.0756989247311828
"MAF","Saint Martin (French part)",2020,1899,4266,3990,15881,5771,31807,6165,10155,19871,5771,0.193825258590876,0.319269343226334,0.624736693180746,0.181438048228377
"MAR","Morocco",1952,1637538,2177986,1994285,3320810,264258,9394877,3815524,5809809,5315095,264258,0.40612814835149,0.618401816223885,0.565743968760847,0.0281278828876631
"MAR","Morocco",1956,1948444,2474642,1998911,3726489,285532,10434018,4423086,6421997,5725400,285532,0.42391013701529,0.615486478938411,0.548724374445204,0.0273654885395061
"MAR","Morocco",1960,2217960,2995861,2005740,4077331,328035,11624927,5213821,7219561,6083071,328035,0.44850354759217,0.621041405249254,0.52327821069328,0.0282182417145501
"MAR","Morocco",1964,2484463,3514275,2104586,4415396,380157,12898877,5998738,8103324,6519982,380157,0.465058934975502,0.628219340334821,0.505468964468767,0.0294721005557305
"MAR","Morocco",1968,2674924,4048084,2442913,4735897,446074,14347892,6723008,9165921,7178810,446074,0.468571132261101,0.638833983417216,0.50033900450324,0.0310898632356586
"MAR","Morocco",1972,2852769,4541258,2933102,5098786,498771,15924686,7394027,10327129,8031888,498771,0.464312263362681,0.64849812423303,0.504367119075378,0.0313206175619413
"MAR","Morocco",1976,3053696,4953592,3401173,5643950,521764,17574175,8007288,11408461,9045123,521764,0.455628102030394,0.649160543809311,0.514682652243989,0.0296892457256173
"MAR","Morocco",1980,3247882,5368545,3934146,6380366,528988,19459927,8616427,12550573,10314512,528988,0.442777971366491,0.644944505701383,0.530038576198153,0.027183452435356
"MAR","Morocco",1984,3489061,5809266,4454370,7275468,565591,21593756,9298327,13752697,11729838,565591,0.43060257789335,0.636883041560718,0.543205082061685,0.0261923400449648
"MAR","Morocco",1988,3450027,6255792,4849172,8278144,667371,23500506,9705819,14554991,13127316,667371,0.413004681686428,0.619347983400868,0.55859716382277,0.0283981544908012
"MAR","Morocco",1992,3327318,6508487,5211640,9328353,836640,25212438,9835805,15047445,14539993,836640,0.390117171532559,0.596826256945084,0.576699206954916,0.0331836215125249
"MAR","Morocco",1996,3223389,6530505,5586761,10425094,1042319,26808068,9753894,15340655,16011855,1042319,0.363841736002759,0.572240230068053,0.59727746885751,0.0388807951397318
"MAR","Morocco",2000,3165072,6508858,5929322,11591382,1228750,28423384,9673930,15603252,17520704,1228750,0.340351099643871,0.548958280266699,0.61641865022124,0.0432302501348889
"MAR","Morocco",2004,3098313,6433453,6224814,12799053,1397320,29952953,9531766,15756580,19023867,1397320,0.31822458373303,0.526044293529256,0.635124924076768,0.0466504921902024
"MAR","Morocco",2008,3206176,6217054,6374496,14229651,1579319,31606696,9423230,15797726,20604147,1579319,0.298140305459324,0.499822126298807,0.651891833300134,0.0499678612405422
"MAR","Morocco",2012,3389941,6199289,6258750,15714781,1792414,33355175,9589230,15847980,21973531,1792414,0.287488523145209,0.475128072330605,0.658774268160788,0.0537372086940033
"MAR","Morocco",2016,3337574,6413667,6072342,17100026,2099762,35023371,9751241,15823583,23172368,2099762,0.278420972098888,0.451800684748478,0.66162586119994,0.0599531667011722
"MAR","Morocco",2020,3258288,6619131,5927506,18229171,2549989,36584085,9877419,15804925,24156677,2549989,0.269992238428267,0.432016408227785,0.660305621966492,0.0697021396052409
"MCO","Monaco",1952,1174,1924,1956,12207,3316,20577,3098,5054,14163,3316,0.150556446517957,0.245614035087719,0.688292754045779,0.161150799436264
"MCO","Monaco",1956,900,2006,1944,12172,3722,20744,2906,4850,14116,3722,0.140088700347088,0.233802545314308,0.680485923640571,0.179425376012341
"MCO","Monaco",1960,1125,2043,2267,12258,4136,21829,3168,5435,14525,4136,0.14512804067983,0.248980713729442,0.665399239543726,0.189472719776444
"MCO","Monaco",1964,1140,2099,2612,12220,4639,22710,3239,5851,14832,4639,0.14262439453985,0.257639806252752,0.653104359313078,0.204271246147072
"MCO","Monaco",1968,1015,2233,2718,12357,5138,23461,3248,5966,15075,5138,0.138442521631644,0.254294360854184,0.642555730787264,0.219001747581092
"MCO","Monaco",1972,1311,2286,2816,12908,5563,24884,3597,6413,15724,5563,0.144550715319081,0.257715801318116,0.631891978781546,0.223557305899373
"MCO","Monaco",1976,1143,2479,2821,13518,5956,25917,3622,6443,16339,5956,0.139753829532739,0.248601304163291,0.630435621406799,0.229810549060462
"MCO","Monaco",1980,1191,2499,2998,14418,6037,27143,3690,6688,17416,6037,0.135946652912353,0.24639870316472,0.64163872821722,0.222414618870427
"MCO","Monaco",1984,1391,2378,3188,15273,6146,28376,3769,6957,18461,6146,0.132823512827742,0.245171976318015,0.650585001409642,0.216591485762616
"MCO","Monaco",1988,1402,2639,3153,16166,6438,29798,4041,7194,19319,6438,0.135613128397879,0.241425599033492,0.648332102825693,0.216054768776428
"MCO","Monaco",1992,1450,2611,3150,16957,6725,30893,4061,7211,20107,6725,0.131453727381607,0.233418573786942,0.650859417991131,0.217686854627262
"MCO","Monaco",1996,1631,2761,2874,17641,6934,31841,4392,7266,20515,6934,0.137935366351559,0.228196350617129,0.644295091234572,0.217769542413869
"MCO","Monaco",2000,1430,2934,2724,18164,7213,32465,4364,7088,20888,7213,0.134421684891422,0.218327429539504,0.643400585245649,0.222177729862929
"MCO","Monaco",2004,1607,2943,2743,17690,7324,32307,4550,7293,20433,7324,0.140836351255146,0.225740551583248,0.632463552790417,0.226700095954437
"MCO","Monaco",2008,1279,2951,2774,17175,7643,31822,4230,7004,19949,7643,0.132926905914147,0.22009930236943,0.626893344227264,0.240179749858588
"MCO","Monaco",2012,1612,2904,2942,16821,10380,34659,4516,7458,19763,10380,0.130298046683401,0.2151822037566,0.570212643180703,0.299489310135895
"MCO","Monaco",2016,1658,2888,3130,16566,12718,36960,4546,7676,19696,12718,0.122997835497835,0.207683982683983,0.532900432900433,0.344101731601732
"MCO","Monaco",2020,1845,3027,3165,16152,13485,37674,4872,8037,19317,13485,0.129319955406912,0.213330148112757,0.5127408823061,0.357939162286988
"MDA","Moldova",1952,345307,494458,524792,1129958,125220,2619735,839765,1364557,1654750,125220,0.320553414753782,0.520875966462257,0.631647857512306,0.047798727733912
"MDA","Moldova",1956,390381,533724,531149,1240261,135653,2831168,924105,1455254,1771410,135653,0.326404155458101,0.514011884847526,0.625681697447838,0.0479141470940615
"MDA","Moldova",1960,406210,655386,500685,1361856,151935,3076072,1061596,1562281,1862541,151935,0.345114158576262,0.507881805107293,0.60549330444801,0.0493925369757275
"MDA","Moldova",1964,387809,769025,486328,1506369,180665,3330196,1156834,1643162,1992697,180665,0.347377151374874,0.493413000315897,0.598372287997463,0.0542505606276628
"MDA","Moldova",1968,338736,798662,570650,1621951,217054,3547053,1137398,1708048,2192601,217054,0.320659995776776,0.481540027735701,0.618147233774065,0.0611927704491588
"MDA","Moldova",1972,340382,753835,707410,1670753,241575,3713955,1094217,1801627,2378163,241575,0.294623117404492,0.48509661533325,0.640331667992746,0.0650452146027617
"MDA","Moldova",1976,375046,680910,770096,1779976,274952,3880980,1055956,1826052,2550072,274952,0.272084885776273,0.470513117820757,0.657069090796654,0.0708460234270725
"MDA","Moldova",1980,398981,690247,743718,1918457,297245,4048648,1089228,1832946,2662175,297245,0.269034996374098,0.452730392960811,0.657546667430708,0.0734183361951941
"MDA","Moldova",1984,416593,732448,691389,2062887,312503,4215820,1149041,1840430,2754276,312503,0.272554568269044,0.4365532684033,0.653319164480457,0.0741262672504993
"MDA","Moldova",1988,451359,776503,647101,2181813,350919,4407695,1227862,1874963,2828914,350919,0.278572360383375,0.425384015908542,0.641812557357077,0.0796150822595484
"MDA","Moldova",1992,407013,814569,658196,2181648,394164,4455590,1221582,1879778,2839844,394164,0.274168404184407,0.421892050211083,0.637366544049161,0.0884650517664327
"MDA","Moldova",1996,333458,820284,682486,2126782,424519,4387529,1153742,1836228,2809268,424519,0.262959401521904,0.418510738048683,0.640284770767327,0.0967558277107684
"MDA","Moldova",2000,256380,737965,718662,2094215,427609,4234831,994345,1713007,2812877,427609,0.23480157767807,0.404504217523674,0.664224144954073,0.100974277367857
"MDA","Moldova",2004,228894,575971,762414,2053433,425821,4046533,804865,1567279,2815847,425821,0.198902369015649,0.387314029071306,0.69586656033696,0.105231070647391
"MDA","Moldova",2008,227787,454413,689638,1995561,411938,3779337,682200,1371838,2685199,411938,0.180507850980212,0.362983772021389,0.710494724339216,0.108997424680572
"MDA","Moldova",2012,216507,387089,560873,1952989,364933,3482391,603596,1164469,2513862,364933,0.173328038120935,0.334387781268674,0.72187815785189,0.104793804027176
"MDA","Moldova",2016,230274,375752,413264,1820285,397997,3237572,606026,1019290,2233549,397997,0.187185335183279,0.31483160837813,0.689883962426164,0.122930702390557
"MDA","Moldova",2020,205781,407812,321254,1695672,438377,3068896,613593,934847,2016926,438377,0.199939326715535,0.3046199675714,0.657215493780174,0.142845179504291
"MDG","Madagascar",1952,758253,909046,757687,1600478,135379,4160843,1667299,2424986,2358165,135379,0.40071182690623,0.582811223590989,0.566751737568565,0.0325364355252049
"MDG","Madagascar",1956,888804,1077153,791400,1698218,150848,4606423,1965957,2757357,2489618,150848,0.426786033327812,0.598589621491556,0.540466648416787,0.0327473182554012
"MDG","Madagascar",1960,978270,1333904,819269,1810048,169542,5111033,2312174,3131443,2629317,169542,0.45238878324597,0.612682993829232,0.514439448933317,0.0331717678207126
"MDG","Madagascar",1964,1060105,1594718,899577,1925084,190382,5669866,2654823,3554400,2824661,190382,0.468233817166049,0.626893122341868,0.49818831697257,0.0335778658613801
"MDG","Madagascar",1968,1164365,1765340,1124667,2036006,216122,6306500,2929705,4054372,3160673,216122,0.464553238721954,0.642887814159994,0.501177039562356,0.0342697217156902
"MDG","Madagascar",1972,1339384,1943106,1382529,2156288,253096,7074403,3282490,4665019,3538817,253096,0.463995336426268,0.659422286233906,0.500228358491876,0.0357763050818564
"MDG","Madagascar",1976,1537612,2180488,1585245,2386231,287260,7976836,3718100,5303345,3971476,287260,0.466112127665656,0.664843178423124,0.497876100248269,0.0360117720860752
"MDG","Madagascar",1980,1728985,2504856,1749995,2719418,302784,9006038,4233841,5983836,4469413,302784,0.470111385272858,0.664424911376123,0.496268503419595,0.0336201113075472
"MDG","Madagascar",1984,1890000,2868125,1949261,3112635,314533,10134554,4758125,6707386,5061896,314533,0.469495253565179,0.661833367309504,0.49946904422237,0.0310357022124506
"MDG","Madagascar",1988,2052245,3207261,2226531,3545833,337579,11369449,5259506,7486037,5772364,337579,0.462599902598622,0.658434458873073,0.507708333095122,0.0296917643062562
"MDG","Madagascar",1992,2311261,3527337,2567892,4024666,369702,12800858,5838598,8406490,6592558,369702,0.456109895133592,0.656713010955984,0.515009072048139,0.0288810328182689
"MDG","Madagascar",1996,2668490,3908457,2919225,4603903,410620,14510695,6576947,9496172,7523128,410620,0.453248242072485,0.654425718409766,0.518454009266958,0.0282977486605569
"MDG","Madagascar",2000,3051239,4454146,3242522,5306398,462011,16516316,7505385,10747907,8548920,462011,0.454422463217584,0.650744815005961,0.517604531179956,0.02797300560246
"MDG","Madagascar",2004,3255174,5177270,3562746,6097939,513462,18606591,8432444,11995190,9660685,513462,0.453196611888766,0.64467424473403,0.519207682911932,0.0275957051993028
"MDG","Madagascar",2008,3489922,5833713,4026624,7010113,563438,20923810,9323635,13350259,11036737,563438,0.445599295730558,0.638041494354996,0.527472625683372,0.0269280785860701
"MDG","Madagascar",2012,3789222,6359558,4673853,8015960,623811,23462404,10148780,14822633,12689813,623811,0.43255499308596,0.631761050572652,0.540857322207903,0.0265876847061367
"MDG","Madagascar",2016,3985927,6868487,5385843,9111504,748145,26099906,10854414,16240257,14497347,748145,0.41587942883779,0.622234309962649,0.555455908538521,0.0286646626236891
"MDG","Madagascar",2020,4322682,7371413,5966964,10379431,913022,28953512,11694095,17661059,16346395,913022,0.403892108149091,0.60997985322126,0.564573824412044,0.0315340674388654
"MDV","Maldives",1952,10530,20453,16716,26920,2458,77077,30983,47699,43636,2458,0.401974648727895,0.618848683783749,0.566135163537761,0.0318901877343436
"MDV","Maldives",1956,12764,18962,18673,30230,2688,83317,31726,50399,48903,2688,0.380786634180299,0.60490656168609,0.586951042404311,0.0322623234153894
"MDV","Maldives",1960,15435,19105,19468,34269,2926,91203,34540,54008,53737,2926,0.37871561242503,0.592173503064592,0.589202109579729,0.0320822779952414
"MDV","Maldives",1964,18359,22191,18448,38513,3162,100673,40550,58998,56961,3162,0.402789228492247,0.586035977868942,0.565802151520269,0.0314086199874842
"MDV","Maldives",1968,21434,31047,18874,42277,2460,116092,52481,71355,61151,2460,0.45206388037074,0.614641835785412,0.526746029011474,0.0211900906177859
"MDV","Maldives",1972,24589,35349,22478,45520,3043,130979,59938,82416,67998,3043,0.457615342917567,0.629230640026264,0.519151925117767,0.0232327319646661
"MDV","Maldives",1976,27397,40107,27175,49144,3716,147539,67504,94679,76319,3716,0.457533262391639,0.641721849815981,0.517280176766821,0.0251865608415402
"MDV","Maldives",1980,30253,45479,32239,52636,4237,164844,75732,107971,84875,4237,0.459416175293004,0.65498895925845,0.514880735725898,0.0257030889810973
"MDV","Maldives",1984,33964,49593,38819,57214,4622,184212,83557,122376,96033,4622,0.45359151412503,0.664321542570517,0.521317829457364,0.0250906564176058
"MDV","Maldives",1988,40614,57678,42242,64816,5549,210899,98292,140534,107058,5549,0.466061953826239,0.666356881730117,0.507626873527139,0.0263111726466223
"MDV","Maldives",1992,41543,70685,45855,73676,6799,238558,112228,158083,119531,6799,0.470443246506091,0.662660652755305,0.501056346884196,0.0285004066097134
"MDV","Maldives",1996,37450,80688,51590,84312,8309,262349,118138,169728,135902,8309,0.450308558446954,0.646955010310693,0.518019889536457,0.0316715520165886
"MDV","Maldives",2000,31801,81560,61284,96764,10611,282020,113361,174645,158048,10611,0.401960853840153,0.619264591163747,0.560414155024466,0.0376249911353805
"MDV","Maldives",2004,27992,75014,74446,110591,13372,301415,103006,177452,185037,13372,0.341741452814226,0.588729824328584,0.613894464442712,0.0443640827430619
"MDV","Maldives",2008,29352,64717,89719,136922,15468,336178,94069,183788,226641,15468,0.279819024445383,0.546698475212536,0.674169636323614,0.0460113392310026
"MDV","Maldives",2012,35232,58664,91431,184999,16493,386819,93896,185327,276430,16493,0.24273885202123,0.479105214583565,0.714623635343662,0.0426375126351084
"MDV","Maldives",2016,36815,64467,84022,240574,17436,443314,101282,185304,324596,17436,0.228465602259347,0.41799717581669,0.732203359244238,0.0393310384964156
"MDV","Maldives",2020,33614,73052,77615,298409,19432,502122,106666,184281,376024,19432,0.212430445190611,0.36700443318556,0.7488697965833,0.0386997582260885
"MEX","Mexico",1952,5462368,7576530,5394045,9793385,863715,29090043,13038898,18432943,15187430,863715,0.448225463262464,0.63365128061172,0.522083449653203,0.0296910870843333
"MEX","Mexico",1956,6144712,8847155,5936061,10723070,936533,32587531,14991867,20927928,16659131,936533,0.460049182615277,0.642206615775832,0.511211819023663,0.0287389983610602
"MEX","Mexico",1960,6949195,10236817,6775700,11740888,1021311,36723911,17186012,23961712,18516588,1021311,0.467978805416449,0.652482574636454,0.504210676253953,0.0278105183295973
"MEX","Mexico",1964,7967584,11792712,7895905,13001904,1113394,41771499,19760296,27656201,20897809,1113394,0.473056904182443,0.66208303896396,0.500288701633619,0.0266543941839387
"MEX","Mexico",1968,9136402,13562875,9182686,14505102,1280969,47668034,22699277,31881963,23687788,1280969,0.476194948589657,0.668833184938989,0.496932346737858,0.0268727046724855
"MEX","Mexico",1972,10164646,15632037,10596832,16162644,1473945,54030104,25796683,36393515,26759476,1473945,0.477450182216936,0.673578473955927,0.495269748138926,0.0272800696441376
"MEX","Mexico",1976,10786613,17866597,12119988,18159054,1713247,60645499,28653210,40773198,30279042,1713247,0.472470512609683,0.672320265680393,0.499279295236733,0.0282501921535842
"MEX","Mexico",1980,11038000,19787584,13967460,20520042,1987237,67300323,30825584,44793044,34487502,1987237,0.458030253435782,0.665569524829769,0.512441849647586,0.0295278969166314
"MEX","Mexico",1984,10955326,20619994,15574341,23890243,2466847,73506751,31575320,47149661,39464584,2466847,0.429556735543923,0.641433070548853,0.536883802686368,0.0335594617697087
"MEX","Mexico",1988,11108136,21019663,16964959,27524056,3073459,79690273,32127799,49092758,44489015,3073459,0.403158350329657,0.616044545361264,0.558274094505863,0.0385675551644804
"MEX","Mexico",1992,11430737,21122215,18396655,31462036,3625230,86036873,32552952,50949607,49858691,3625230,0.378360473421669,0.592183388626874,0.579503755325929,0.0421357712524024
"MEX","Mexico",1996,11564902,21753293,19006340,35917923,4204883,92447341,33318195,52324535,54924263,4204883,0.360401874619628,0.565992860735713,0.594114037309088,0.0454840880712837
"MEX","Mexico",2000,11406131,22442236,19482144,40349855,4931096,98611462,33848367,53330511,59831999,4931096,0.343249824244569,0.540814525191808,0.606744873126412,0.0500053026290189
"MEX","Mexico",2004,11486374,22490700,19963108,44658018,5784292,104382492,33977074,53940182,64621126,5784292,0.325505488027628,0.51675507038096,0.619080123130228,0.0554143888421441
"MEX","Mexico",2008,11310633,22513617,20870889,49110535,6559425,110365099,33824250,54695139,69981424,6559425,0.306475963021607,0.495583653669354,0.634090166493667,0.0594338704847263
"MEX","Mexico",2012,11327599,22571073,21764654,53814914,7332305,116810545,33898672,55663326,75579568,7332305,0.290202155978298,0.476526549893248,0.647026927235037,0.0627709167866651
"MEX","Mexico",2016,11148805,22568432,21984658,58234418,8308616,122244929,33717237,55701895,80219076,8308616,0.275817060681511,0.455658123863772,0.656215980950834,0.0679669583676555
"MEX","Mexico",2020,10516854,22430984,22079943,62278996,9486466,126793243,32947838,55027781,84358939,9486466,0.259854841002844,0.433996163344446,0.665326771395854,0.0748183876013014
"MHL","Marshall Islands",1952,2499,3477,1809,4682,773,13240,5976,7785,6491,773,0.451359516616314,0.587990936555891,0.490256797583082,0.0583836858006042
"MHL","Marshall Islands",1956,2557,3459,2048,4716,814,13594,6016,8064,6764,814,0.442548183021921,0.593202883625129,0.497572458437546,0.0598793585405326
"MHL","Marshall Islands",1960,2828,3961,2175,4898,866,14728,6789,8964,7073,866,0.460958718087996,0.608636610537751,0.480241716458446,0.0587995654535578
"MHL","Marshall Islands",1964,3232,4781,2714,5190,964,16881,8013,10727,7904,964,0.474675670872579,0.635448136958711,0.468218707422546,0.0571056217048753
"MHL","Marshall Islands",1968,3576,5577,3562,6198,976,19889,9153,12715,9760,976,0.460204132937805,0.639298104479863,0.490723515511087,0.0490723515511087
"MHL","Marshall Islands",1972,4605,6575,4598,7350,887,24015,11180,15778,11948,887,0.465542369352488,0.657006037892984,0.49752238184468,0.0369352488028316
"MHL","Marshall Islands",1976,5514,7606,5240,7699,981,27040,13120,18360,12939,981,0.485207100591716,0.678994082840237,0.478513313609467,0.0362795857988166
"MHL","Marshall Islands",1980,6469,8956,5528,8845,995,30793,15425,20953,14373,995,0.500925535024194,0.680446854804663,0.466761926411847,0.0323125385639593
"MHL","Marshall Islands",1984,7719,10574,6551,10309,1129,36282,18293,24844,16860,1129,0.504189405214707,0.684747257593297,0.464693236315528,0.0311173584697646
"MHL","Marshall Islands",1988,8500,12996,7454,12152,1236,42338,21496,28950,19606,1236,0.507723558032973,0.68378289007511,0.463082809769002,0.0291936321980254
"MHL","Marshall Islands",1992,8381,14386,8642,13743,1254,46406,22767,31409,22385,1254,0.490604663190105,0.676830582252295,0.482372969012628,0.0270223677972676
"MHL","Marshall Islands",1996,7479,14784,9902,15413,1217,48795,22263,32165,25315,1217,0.456255763910237,0.659186392048366,0.518803156061072,0.0249410800286915
"MHL","Marshall Islands",2000,7812,13499,11089,17175,1146,50721,21311,32400,28264,1146,0.420161274422823,0.638788667415863,0.557244533822283,0.0225941917548944
"MHL","Marshall Islands",2004,7869,12540,11581,18658,1155,51803,20409,31990,30239,1155,0.393973322008378,0.617531803177422,0.583730671968805,0.0222960060228172
"MHL","Marshall Islands",2008,7522,12860,10457,20112,1098,52049,20382,30839,30569,1098,0.391592537800918,0.592499375588388,0.587311956041423,0.0210955061576591
"MHL","Marshall Islands",2012,7201,13055,9314,20731,1137,51438,20256,29570,30045,1137,0.393794471013648,0.574866829970061,0.584101248104514,0.0221042808818383
"MHL","Marshall Islands",2016,5505,12060,8560,20166,1439,47730,17565,26125,28726,1439,0.368007542426147,0.547349675256652,0.601843704169286,0.0301487534045674
"MHL","Marshall Islands",2020,4646,10113,8279,18102,1588,42728,14759,23038,26381,1588,0.345417524808088,0.539178056543718,0.617417150346377,0.0371653248455345
"MKD","North Macedonia",1952,190453,278286,262902,485758,77089,1294488,468739,731641,748660,77089,0.362103781572328,0.565197205381587,0.578344488322796,0.0595517301048754
"MKD","North Macedonia",1956,194218,311639,262073,530299,72647,1370876,505857,767930,792372,72647,0.369002739853933,0.560174662040914,0.578004137500401,0.052993122645666
"MKD","North Macedonia",1960,190815,350848,253336,569564,70467,1435030,541663,794999,822900,70467,0.377457614126534,0.553994690006481,0.573437489111726,0.0491048967617402
"MKD","North Macedonia",1964,188441,366739,276726,606169,72811,1510886,555180,831906,882895,72811,0.367453269141418,0.550608053817429,0.584355801827537,0.0481909290310454
"MKD","North Macedonia",1968,189786,368267,318784,650417,81670,1608924,558053,876837,969201,81670,0.34684857706144,0.544983479642295,0.60239079036673,0.0507606325718306
"MKD","North Macedonia",1972,190056,370164,357607,706691,92873,1717391,560220,917827,1064298,92873,0.326204108441234,0.534431006101697,0.619717932608241,0.0540779589505244
"MKD","North Macedonia",1976,194097,370551,365857,787225,108094,1825824,564648,930505,1153082,108094,0.309256532940743,0.509635649438281,0.631540608514293,0.0592028585449638
"MKD","North Macedonia",1980,192778,377311,364879,877974,120092,1933034,570089,934968,1242853,120092,0.294919282330264,0.483679024786941,0.642954547100568,0.0621261705691674
"MKD","North Macedonia",1984,186669,380066,359516,952923,124217,2003391,566735,926251,1312439,124217,0.28288786362722,0.462341599817509,0.655108763092177,0.0620033732806027
"MKD","North Macedonia",1988,183543,376242,354220,994194,137530,2045729,559785,914005,1348414,137530,0.273635950802868,0.446786940010138,0.65913618079423,0.0672278684029018
"MKD","North Macedonia",1992,177373,352151,342710,1002660,157611,2032505,529524,872234,1345370,157611,0.260527772379404,0.429142363733423,0.661927030929813,0.0775451966907831
"MKD","North Macedonia",1996,168420,336496,326437,1002410,178776,2012539,504916,831353,1328847,178776,0.250885076015918,0.41308665322759,0.660283850399918,0.0888310735841641
"MKD","North Macedonia",2000,148996,332791,333429,1041245,200778,2057239,481787,815216,1374674,200778,0.23419106870908,0.396267035575351,0.668213075874996,0.097595855415924
"MKD","North Macedonia",2004,137543,315559,333454,1081461,218546,2086563,453102,786556,1414915,218546,0.217152321784677,0.376962497657631,0.678107969900741,0.104739708314582
"MKD","North Macedonia",2008,119930,294831,318472,1105123,232460,2070816,414761,733233,1423595,232460,0.200288678472641,0.354079261508507,0.687456055970207,0.112255265557152
"MKD","North Macedonia",2012,120725,260100,299717,1102001,244718,2027261,380825,680542,1401718,244718,0.18785198353838,0.335695305143245,0.691434403364934,0.120713613096686
"MKD","North Macedonia",2016,116553,232232,267843,1071941,272669,1961238,348785,616628,1339784,272669,0.177839201565542,0.314407532385157,0.683131776969445,0.139029021465013
"MKD","North Macedonia",2020,104294,217910,223691,1020117,305964,1871976,322204,545895,1243808,305964,0.172119728030701,0.291614315568148,0.664435868835925,0.163444403133373
"MLI","Mali",1952,815058,1117861,865180,1904928,133339,4836366,1932919,2798099,2770108,133339,0.399663507683248,0.578554021759313,0.572766411805889,0.0275700805108629
"MLI","Mali",1956,867056,1192117,905991,2008328,138492,5111984,2059173,2965164,2914319,138492,0.402812880478499,0.580041721570334,0.570095485431879,0.0270916340896216
"MLI","Mali",1960,917573,1259280,982266,2097280,146151,5402550,2176853,3159119,3079546,146151,0.402930653117509,0.584745907025386,0.570017121544456,0.0270522253380348
"MLI","Mali",1964,979174,1346781,1060038,2186044,158093,5730130,2325955,3385993,3246082,158093,0.405916619692747,0.590910328386965,0.566493604857132,0.0275897754501207
"MLI","Mali",1968,1052143,1443839,1116985,2290683,179337,6082987,2495982,3612967,3407668,179337,0.410321771195631,0.593946197813673,0.560196495570351,0.0294817332340181
"MLI","Mali",1972,1142078,1561084,1185992,2388137,206439,6483730,2703162,3889154,3574129,206439,0.416914646353257,0.599832812285521,0.551245810667625,0.0318395429791185
"MLI","Mali",1976,1255725,1713355,1270851,2484421,236627,6960979,2969080,4239931,3755272,236627,0.426531957645613,0.609099811966104,0.53947469170644,0.0339933506479477
"MLI","Mali",1980,1393725,1910192,1365940,2591306,269359,7530522,3303917,4669857,3957246,269359,0.438736783452727,0.620123943599129,0.525494248605874,0.035768967941399
"MLI","Mali",1984,1536688,2158128,1493718,2716441,303624,8208599,3694816,5188534,4210159,303624,0.450115299821565,0.632085207232075,0.51289617144168,0.0369885287367552
"MLI","Mali",1988,1657665,2440284,1622371,2784522,329159,8834001,4097949,5720320,4406893,329159,0.463883692111875,0.647534452395919,0.498855841198116,0.0372604666900083
"MLI","Mali",1992,1776512,2719761,1825942,2883584,347741,9553540,4496273,6322215,4709526,347741,0.470639469767228,0.661766737774689,0.492961352545758,0.0363991776870145
"MLI","Mali",1996,1915639,2978734,2093870,3058663,360368,10407274,4894373,6988243,5152533,360368,0.470283861076397,0.671476795940993,0.495089588301413,0.0346265506221898
"MLI","Mali",2000,2136890,3249543,2406876,3393424,372558,11559291,5386433,7793309,5800300,372558,0.465982991517386,0.674203028542149,0.50178683104353,0.0322301774390834
"MLI","Mali",2004,2491853,3583655,2719043,3917326,390538,13102415,6075508,8794551,6636369,390538,0.463693754166694,0.671216031548382,0.506499679639211,0.0298065661940948
"MLI","Mali",2008,2896967,4092887,2984093,4537806,429033,14940786,6989854,9973947,7521899,429033,0.467837100404222,0.667565079909451,0.503447342060853,0.0287155575349249
"MLI","Mali",2012,3290785,4786428,3239279,5175288,465259,16957039,8077213,11316492,8414567,465259,0.476333928346806,0.667362503559731,0.496228557356034,0.02743751429716
"MLI","Mali",2016,3638390,5567152,3633816,5852093,499847,19191298,9205542,12839358,9485909,499847,0.479672714164514,0.669019781778179,0.494281783337427,0.0260455024980593
"MLI","Mali",2020,3934536,6340308,4240843,6657341,540809,21713837,10274844,14515687,10898184,540809,0.47319338355538,0.668499399714569,0.501900424139686,0.0249061923049344
"MLT","Malta",1952,42079,66872,47384,127420,21158,304913,108951,156335,174804,21158,0.357318317028136,0.512720021776704,0.573291397874148,0.0693902850977164
"MLT","Malta",1956,40689,77974,49928,132022,21851,322464,118663,168591,181950,21851,0.367988364592637,0.52282115212861,0.564249032450134,0.0677626029572293
"MLT","Malta",1960,38588,79785,53446,135279,23733,330831,118373,171819,188725,23733,0.3578050424537,0.519355804020784,0.570457423881075,0.0717375336652248
"MLT","Malta",1964,32629,74407,60223,135927,25608,328794,107036,167259,196150,25608,0.325541220338571,0.508704538403985,0.596574146730172,0.0778846329312579
"MLT","Malta",1968,26791,68004,66934,134405,27381,323515,94795,161729,201339,27381,0.293015779793827,0.499911905166685,0.62234826824104,0.084635951965133
"MLT","Malta",1972,25831,60455,68051,144511,29769,328617,86286,154337,212562,29769,0.26257314746346,0.469656165079713,0.646838112453099,0.0905887400834406
"MLT","Malta",1976,27168,53688,64577,157786,32072,335291,80856,145433,222363,32072,0.241151715972096,0.433751576988347,0.663194061278114,0.0956542227497905
"MLT","Malta",1980,28466,51927,60434,168761,33294,342882,80393,140827,229195,33294,0.234462584795936,0.410715639782782,0.66843695498743,0.0971004602166343
"MLT","Malta",1984,28989,54983,54544,178141,33898,350555,83972,138516,232685,33898,0.239540157749854,0.395133431273267,0.663761749226227,0.0966980930239192
"MLT","Malta",1988,27878,58066,51210,187587,36484,361225,85944,137154,238797,36484,0.237923731746142,0.379691328119593,0.661075506955499,0.10100076129836
"MLT","Malta",1992,27560,58173,53518,194998,40551,374800,85733,139251,248516,40551,0.22874332977588,0.371534151547492,0.663062966915688,0.108193703308431
"MLT","Malta",1996,25853,57917,58056,201547,44245,387618,83770,141826,259603,44245,0.216114834708398,0.365891160885201,0.66973927939363,0.114145885897972
"MLT","Malta",2000,23003,56167,60473,211645,48603,399891,79170,139643,272118,48603,0.197978949263674,0.34920265772423,0.680480430917425,0.121540619818901
"MLT","Malta",2004,20827,52738,60155,222683,54377,410780,73565,133720,282838,54377,0.179086128828083,0.325527046107405,0.6885388772579,0.132374993914017
"MLT","Malta",2008,19927,46754,59671,234452,58129,418933,66681,126352,294123,58129,0.159168649879575,0.30160431381629,0.702076465687831,0.138754884432594
"MLT","Malta",2012,20829,41766,57093,236210,70654,426552,62595,119688,293303,70654,0.146746469363641,0.280594159680414,0.687613702432529,0.16563982820383
"MLT","Malta",2016,22453,41991,54347,251545,84796,455132,64444,118791,305892,84796,0.141594086990148,0.261003401211077,0.672095128446253,0.186310784563599
"MLT","Malta",2020,23570,45524,54489,298758,95706,518047,69094,123583,353247,95706,0.133373998884271,0.238555575073304,0.681882145828467,0.184743855287262
"MMR","Myanmar",1952,2863757,3908519,3547258,7496796,601659,18417989,6772276,10319534,11044054,601659,0.367698992544734,0.560296457990066,0.599634086001463,0.0326669214538026
"MMR","Myanmar",1956,3264431,4368478,3577261,8074637,674404,19959211,7632909,11210170,11651898,674404,0.382425387456448,0.561653965179285,0.583785501340709,0.0337891112028426
"MMR","Myanmar",1960,3539620,5129686,3631156,8670125,759657,21730244,8669306,12300462,12301281,759657,0.398951157658423,0.566052640734269,0.566090330140794,0.0349585122007834
"MMR","Myanmar",1964,3790136,5949872,3889862,9250639,856782,23737291,9740008,13629870,13140501,856782,0.410325171478076,0.574196524784568,0.553580482288396,0.0360943462335277
"MMR","Myanmar",1968,4076237,6561955,4559854,9813431,978157,25989634,10638192,15198046,14373285,978157,0.409324425268936,0.584773375415752,0.553039146299636,0.0376364284314277
"MMR","Myanmar",1972,4348814,7153500,5358172,10458770,1109037,28428293,11502314,16860486,15816942,1109037,0.404607972768537,0.593088230798803,0.556380293392924,0.039011733838539
"MMR","Myanmar",1976,4568080,7730213,6007532,11219445,1233540,30758810,12298293,18305825,17226977,1233540,0.399829934903203,0.595140871834769,0.560066432999196,0.0401036320976007
"MMR","Myanmar",1980,4767844,8268640,6576496,12247043,1367176,33227199,13036484,19612980,18823539,1367176,0.392343754283953,0.590268833674485,0.566509954691035,0.0411462910250124
"MMR","Myanmar",1984,5023982,8738397,7167159,13432280,1537479,35899297,13762379,20929538,20599439,1537479,0.383360682522557,0.583006904007062,0.573811765729006,0.0428275517484367
"MMR","Myanmar",1988,5078557,9201002,7766640,14852713,1701982,38600894,14279559,22046199,22619353,1701982,0.369928193891053,0.571131824045319,0.585980029374449,0.0440917767344974
"MMR","Myanmar",1992,4901934,9610659,8225779,16334323,1877627,40950322,14512593,22738372,24560102,1877627,0.354395088761451,0.555267233307714,0.599753574587277,0.0458513366512722
"MMR","Myanmar",1996,4916808,9670818,8637357,17856439,2073421,43154843,14587626,23224983,26493796,2073421,0.338029870714626,0.53817790508472,0.61392405019293,0.0480460790924439
"MMR","Myanmar",2000,4856376,9544620,9119816,19505102,2264917,45290831,14400996,23520812,28624918,2264917,0.317967139971444,0.51932833822369,0.632024570271188,0.0500082897573683
"MMR","Myanmar",2004,4830569,9479707,9256585,21094576,2407327,47068764,14310276,23566861,30351161,2407327,0.304029143403893,0.500690032990881,0.644825961438036,0.0511448951580713
"MMR","Myanmar",2008,4610381,9420965,9172984,22677070,2509380,48390780,14031346,23204330,31850054,2509380,0.289959078981575,0.4795196522974,0.658184348340738,0.0518565726776878
"MMR","Myanmar",2012,4482759,9223445,9077638,24391994,2661597,49837433,13706204,22783842,33469632,2661597,0.275018257862519,0.457163233106328,0.671576162439988,0.0534055796974936
"MMR","Myanmar",2016,4481560,9013269,9123418,25898519,2978887,51495653,13494829,22618247,35021937,2978887,0.262057634262838,0.439226336250169,0.680095016952208,0.0578473487849547
"MMR","Myanmar",2020,4514246,8817155,9043989,27190917,3450161,53016468,13331401,22375390,36234906,3450161,0.251457735735998,0.422046032942066,0.683465107483207,0.065077156780795
"MNE","Montenegro",1952,57231,91101,87271,152218,31085,418906,148332,235603,239489,31085,0.354093758504295,0.56242450573637,0.571701049877538,0.0742051916181673
"MNE","Montenegro",1956,63971,94495,89760,167759,30706,446691,158466,248226,257519,30706,0.354755300644069,0.555699577560327,0.576503668083754,0.068741031272177
"MNE","Montenegro",1960,63016,107255,85752,184450,30728,471201,170271,256023,270202,30728,0.361355345171169,0.543341376609982,0.57343256911594,0.0652120857128911
"MNE","Montenegro",1964,61243,117288,84291,201999,32112,496933,178531,262822,286290,32112,0.359265736024776,0.52888820022015,0.576113882555596,0.064620381419628
"MNE","Montenegro",1968,57610,118604,93317,214245,35530,519306,176214,269531,307562,35530,0.339325946551744,0.519021540286459,0.592255818342172,0.0684182351060839
"MNE","Montenegro",1972,55185,114845,108968,222935,38768,540701,170030,278998,331903,38768,0.314462151910205,0.515993127440119,0.613838332091119,0.0716995159986758
"MNE","Montenegro",1976,53667,112169,112371,241200,43225,562632,165836,278207,353571,43225,0.294750387464631,0.494474185613332,0.628423196689843,0.076826415845526
"MNE","Montenegro",1980,55128,107309,114424,261708,46257,584826,162437,276861,376132,46257,0.277752699093406,0.473407475043859,0.643151980247116,0.0790953206594782
"MNE","Montenegro",1984,53661,106206,109505,286372,44509,600253,159867,269372,395877,44509,0.266332696379693,0.448764104469282,0.659516903705604,0.0741503999147026
"MNE","Montenegro",1988,52390,106314,104273,303667,46942,613586,158704,262977,407940,46942,0.258649969197472,0.428590287262095,0.664845677704511,0.0765043530980172
"MNE","Montenegro",1992,50820,106023,101916,313764,53497,626020,156843,258759,415680,53497,0.250539918852433,0.413339829398422,0.664004344909108,0.0854557362384588
"MNE","Montenegro",1996,46503,103013,100687,320368,62044,632615,149516,250203,421055,62044,0.236345960813449,0.395505955438932,0.66557859045391,0.0980754487326415
"MNE","Montenegro",2000,43295,95825,102186,322534,70343,634183,139120,241306,424720,70343,0.219368857254136,0.38049900423064,0.669712054722375,0.110919088023488
"MNE","Montenegro",2004,41860,88675,100620,323016,79566,633737,130535,231155,423636,79566,0.205976611749038,0.36474909938981,0.668472883861917,0.125550504389045
"MNE","Montenegro",2008,39219,84949,93074,331268,84322,632832,124168,217242,424342,84322,0.196210052588997,0.343285421723301,0.670544473098705,0.133245474312298
"MNE","Montenegro",2012,39811,79463,88036,340860,85335,633505,119274,207310,428896,85335,0.188276335624817,0.327242878903876,0.677020702283328,0.134702962091854
"MNE","Montenegro",2016,38358,77459,81912,333964,92510,624203,115817,197729,415876,92510,0.185543805460724,0.316770345544639,0.666251203534748,0.148204991004529
"MNE","Montenegro",2020,36174,75918,75137,319536,101116,607881,112092,187229,394673,101116,0.1843979331481,0.308002717637169,0.649260299302002,0.166341767549899
"MNG","Mongolia",1952,110516,161041,138739,363111,33686,807093,271557,410296,501850,33686,0.33646308417989,0.508362728954408,0.621799470445166,0.0417374453749444
"MNG","Mongolia",1956,135214,173428,144951,374540,40354,868487,308642,453593,519491,40354,0.355378952131696,0.522279550528678,0.598156333946277,0.0464647139220276
"MNG","Mongolia",1960,167684,204410,149406,400496,55606,977602,372094,521500,549902,55606,0.380619106753055,0.533448172160041,0.562500895047269,0.0568799981996764
"MNG","Mongolia",1964,198075,257112,154955,422340,67752,1100234,455187,610142,577295,67752,0.413718354459142,0.554556576146529,0.524702017934367,0.061579627606491
"MNG","Mongolia",1968,223367,328954,165545,439627,72432,1229925,552321,717866,605172,72432,0.449068845661321,0.583666483728683,0.492039758521861,0.0588913958168181
"MNG","Mongolia",1972,234125,391990,209780,454537,76392,1366824,626115,835895,664317,76392,0.45808019174378,0.611560083814741,0.486029657073625,0.0558901511825956
"MNG","Mongolia",1976,264210,427487,280374,480767,79111,1531949,691697,972071,761141,79111,0.45151437808961,0.634532220067378,0.4968448688566,0.0516407530537897
"MNG","Mongolia",1980,277630,465713,352204,524281,81509,1701337,743343,1095547,876485,81509,0.436916965892119,0.643932977417172,0.515174242375261,0.0479087917326197
"MNG","Mongolia",1984,296387,499733,402232,592870,83128,1874350,796120,1198352,995102,83128,0.424744578120415,0.63934270547123,0.530905113772775,0.0443503081068104
"MNG","Mongolia",1988,332690,536232,430028,693724,83647,2076321,868922,1298950,1123752,83647,0.418491167791493,0.625601725359422,0.541222672216868,0.0402861599916391
"MNG","Mongolia",1992,330488,576631,463427,786542,82030,2239118,907119,1370546,1249969,82030,0.405123356607378,0.61209190404436,0.558241682662548,0.0366349607300732
"MNG","Mongolia",1996,288860,618301,495139,879031,82128,2363459,907161,1402300,1374170,82128,0.383827686454472,0.593325291447831,0.581423244490385,0.0347490690551433
"MNG","Mongolia",2000,252405,611284,523740,983620,84124,2455173,863689,1387429,1507360,84124,0.351783357018019,0.56510437350036,0.613952662398943,0.0342639805830383
"MNG","Mongolia",2004,240036,543100,571078,1098354,90218,2542786,783136,1354214,1669432,90218,0.307983448076244,0.532570967434932,0.656536570517535,0.0354799814062214
"MNG","Mongolia",2008,256296,483770,587544,1207806,98999,2634415,740066,1327610,1795350,98999,0.280922330004954,0.503948694491946,0.681498549013728,0.0375791209813184
"MNG","Mongolia",2012,321765,464701,551876,1351167,105937,2795446,786466,1338342,1903043,105937,0.281338290920304,0.47875795132512,0.680765430632536,0.0378962784471601
"MNG","Mongolia",2016,379395,539135,490723,1513419,118116,3040788,918530,1409253,2004142,118116,0.302069726662957,0.463449934687982,0.659086394710845,0.0388438786261982
"MNG","Mongolia",2020,388580,689670,448247,1622574,141671,3290742,1078250,1526497,2070821,141671,0.327661664147478,0.463876232168915,0.629286951088843,0.0430513847636794
"MNP","Northern Mariana Islands",1952,1352,1813,1338,2629,220,7352,3165,4503,3967,220,0.430495103373232,0.612486398258977,0.539581066376496,0.029923830250272
"MNP","Northern Mariana Islands",1956,1578,2195,1334,2574,239,7920,3773,5107,3908,239,0.476388888888889,0.644823232323232,0.493434343434343,0.0301767676767677
"MNP","Northern Mariana Islands",1960,1702,2722,1447,2625,264,8760,4424,5871,4072,264,0.505022831050228,0.670205479452055,0.464840182648402,0.0301369863013699
"MNP","Northern Mariana Islands",1964,1802,3271,1693,2893,288,9947,5073,6766,4586,288,0.510003015984719,0.680205086960893,0.461043530712778,0.0289534533025033
"MNP","Northern Mariana Islands",1968,1804,3414,2035,2943,295,10491,5218,7253,4978,295,0.497378705557144,0.691354494328472,0.474501954055857,0.0281193403869984
"MNP","Northern Mariana Islands",1972,2235,3700,2583,3798,343,12659,5935,8518,6381,343,0.46883640097954,0.67288095426179,0.504068251836638,0.0270953471838218
"MNP","Northern Mariana Islands",1976,2437,4256,3181,5141,441,15456,6693,9874,8322,441,0.433035714285714,0.638845755693582,0.538431677018634,0.0285326086956522
"MNP","Northern Mariana Islands",1980,2488,4486,3622,6535,514,17645,6974,10596,10157,514,0.39523944460187,0.600510059506942,0.575630490223859,0.0291300651742703
"MNP","Northern Mariana Islands",1984,3044,5123,7285,11569,577,27598,8167,15452,18854,577,0.295927241104428,0.559895644611928,0.683165446771505,0.020907312124067
"MNP","Northern Mariana Islands",1988,3867,5669,8768,19535,699,38538,9536,18304,28303,699,0.247444081166641,0.474959779957445,0.734417977061602,0.0181379417717577
"MNP","Northern Mariana Islands",1992,5187,6880,7468,24824,845,45204,12067,19535,32292,845,0.266945403061676,0.432152021944961,0.714361560923812,0.018693036014512
"MNP","Northern Mariana Islands",1996,6209,8524,8330,27709,952,51724,14733,23063,36039,952,0.284838759570026,0.445885855695615,0.696755858015621,0.0184053824143531
"MNP","Northern Mariana Islands",2000,5935,9807,10970,40573,1089,68374,15742,26712,51543,1089,0.230233714569866,0.390674817913242,0.753839178635154,0.0159271067949805
"MNP","Northern Mariana Islands",2004,5986,10156,7334,39087,1385,63948,16142,23476,46421,1385,0.252423844373554,0.367110777506724,0.725917933320823,0.0216582223056233
"MNP","Northern Mariana Islands",2008,4966,10084,6752,33817,1544,57163,15050,21802,40569,1544,0.263282193026958,0.381400556303903,0.709707328166821,0.0270104788062208
"MNP","Northern Mariana Islands",2012,4843,8987,7584,29925,1912,53251,13830,21414,37509,1912,0.259713432611594,0.402133293271488,0.704381138382378,0.0359054290060281
"MNP","Northern Mariana Islands",2016,4002,8703,7378,28254,2458,50795,12705,20083,35632,2458,0.250123043606654,0.395373560389802,0.701486366768383,0.0483905896249631
"MNP","Northern Mariana Islands",2020,3264,7907,6794,26642,2950,47557,11171,17965,33436,2950,0.234897070883361,0.377757217654604,0.703072102950144,0.0620308261664949
"MOZ","Mozambique",1952,1021352,1478575,993127,2368952,188745,6050751,2499927,3493054,3362079,188745,0.413159787933762,0.577292636897469,0.555646563542278,0.0311936485239601
"MOZ","Mozambique",1956,1079208,1535411,1053900,2491110,195395,6355024,2614619,3668519,3545010,195395,0.411425511532293,0.577262808134163,0.557827948407433,0.0307465400602736
"MOZ","Mozambique",1960,1162152,1589507,1157023,2598798,206201,6713681,2751659,3908682,3755821,206201,0.409858466614663,0.582196562511683,0.559427979971047,0.0307135534142894
"MOZ","Mozambique",1964,1296018,1744129,1238899,2756907,219094,7255047,3040147,4279046,3995806,219094,0.419038911808566,0.589802657377685,0.550762248680126,0.0301988395113085
"MOZ","Mozambique",1968,1409339,1976702,1318369,2952907,235276,7892593,3386041,4704410,4271276,235276,0.429015027127333,0.596053793727866,0.541175251276735,0.0298097215959318
"MOZ","Mozambique",1972,1540240,2247973,1469609,3173882,261210,8692914,3788213,5257822,4643491,261210,0.435781718305277,0.604839988063841,0.534169669687288,0.030048612007435
"MOZ","Mozambique",1976,1766991,2586763,1744232,3467949,301253,9867188,4353754,6097986,5212181,301253,0.441235537419577,0.618006467496109,0.528233677112466,0.030530785467957
"MOZ","Mozambique",1980,2134289,2995869,1997794,3857534,350715,11336201,5130158,7127952,5855328,350715,0.452546492427225,0.628777841889007,0.516515894522336,0.030937613050439
"MOZ","Mozambique",1984,2320699,3327380,2148453,4131493,387909,12315934,5648079,7796532,6279946,387909,0.458599323445546,0.633044314787656,0.509904161552019,0.0314965150024351
"MOZ","Mozambique",1988,2363072,3504648,2370963,4167402,394455,12800540,5867720,8238683,6538365,394455,0.458396286406667,0.643619956658078,0.510788216747106,0.0308154968462268
"MOZ","Mozambique",1992,2452356,3747999,2650547,4361125,401269,13613296,6200355,8850902,7011672,401269,0.455463173650231,0.650165984784287,0.515060570195491,0.0294762561542774
"MOZ","Mozambique",1996,2898656,4499260,3288662,5339673,466212,16492463,7397916,10686578,8628335,466212,0.44856344379854,0.647967377583324,0.523168370909791,0.0282681852916693
"MOZ","Mozambique",2000,3206210,4962498,3610491,5860746,489683,18129628,8168708,11779199,9471237,489683,0.450572289734792,0.649720942977981,0.522417613863892,0.0270100964013161
"MOZ","Mozambique",2004,3495155,5494771,3997606,6323839,528913,19840284,8989926,12987532,10321445,528913,0.453114784042406,0.654604137723029,0.520226676190724,0.0266585397668703
"MOZ","Mozambique",2008,3814831,6111851,4417326,6888142,586854,21819004,9926682,14344008,11305468,586854,0.454955780749662,0.657408926640281,0.51814775779866,0.0268964614516776
"MOZ","Mozambique",2012,4397183,6763157,4926366,7592434,658669,24337809,11160340,16086706,12518800,658669,0.4585597660003,0.66097593255005,0.514376622809391,0.0270636111903089
"MOZ","Mozambique",2016,4849584,7613383,5564693,8555188,754212,27337060,12462967,18027660,14119881,754212,0.455900049237189,0.659458625031368,0.51651059038536,0.027589360377451
"MOZ","Mozambique",2020,5298056,8611375,6239494,9769407,865302,30783634,13909431,20148925,16008901,865302,0.451844996597868,0.654533672015461,0.520045846439053,0.0281091569630798
"MRT","Mauritania",1952,113358,183563,135613,241101,11177,684812,296921,432534,376714,11177,0.433580311092679,0.631609843285456,0.550098421172526,0.0163212677347944
"MRT","Mauritania",1956,121359,195393,148225,267790,14848,747615,316752,464977,416015,14848,0.423683312935134,0.621947125191442,0.556456197374317,0.0198604896905493
"MRT","Mauritania",1960,140068,204849,163892,296522,18976,824307,344917,508809,460414,18976,0.418432695585504,0.617256677427221,0.558546755031803,0.0230205493826936
"MRT","Mauritania",1964,163321,222666,181204,328212,23554,918957,385987,567191,509416,23554,0.420027270046368,0.617211686727453,0.554341498024391,0.0256312319292415
"MRT","Mauritania",1968,190508,260800,189921,365122,28397,1034748,451308,641229,555043,28397,0.436152570480929,0.619695809994318,0.536404032672689,0.0274433968463819
"MRT","Mauritania",1972,216850,308269,202611,407080,33549,1168359,525119,727730,609691,33549,0.449450040612517,0.622865061166987,0.521835326299536,0.0287146330879464
"MRT","Mauritania",1976,240468,359890,230362,445619,39002,1315341,600358,830720,675981,39002,0.456427648799817,0.631562461749463,0.51392072473982,0.0296516264603628
"MRT","Mauritania",1980,266847,409689,270987,481998,44525,1474046,676536,947523,752985,44525,0.458965324012955,0.642804227276489,0.510828698697327,0.0302059772897182
"MRT","Mauritania",1984,296790,459001,319565,527960,50380,1653696,755791,1075356,847525,50380,0.457031401176516,0.650274294670846,0.512503507295174,0.0304650915283099
"MRT","Mauritania",1988,327266,513819,369895,588039,56842,1855861,841085,1210980,957934,56842,0.453204738932495,0.652516540840074,0.516166889653913,0.0306283714135919
"MRT","Mauritania",1992,362352,574598,421041,665943,64204,2088138,936950,1357991,1086984,64204,0.448701187373631,0.650335849450563,0.520551802610747,0.0307470100156216
"MRT","Mauritania",1996,412795,639559,469529,764196,72108,2358187,1052354,1521883,1233725,72108,0.446255534442349,0.645361457763952,0.523166737837161,0.0305777277204904
"MRT","Mauritania",2000,438481,717026,521612,855759,80572,2613450,1155507,1677119,1377371,80572,0.44213855248809,0.641726070902447,0.527031701390882,0.0308297461210278
"MRT","Mauritania",2004,474746,792878,572598,938833,89616,2868671,1267624,1840222,1511431,89616,0.441885458457941,0.641489386548684,0.526874988452841,0.031239553089218
"MRT","Mauritania",2008,541000,863892,636210,1038572,103602,3183276,1404892,2041102,1674782,103602,0.441335278499257,0.641195422577244,0.526119004446991,0.0325457170537522
"MRT","Mauritania",2012,632158,962284,695072,1193146,136363,3619023,1594442,2289514,1888218,136363,0.440572497052381,0.632633171991446,0.521747996627819,0.0376795063197996
"MRT","Mauritania",2016,697635,1110517,777937,1359540,140991,4086620,1808152,2586089,2137477,140991,0.442456602277677,0.632818563996652,0.523042759052713,0.0345006386696096
"MRT","Mauritania",2020,755575,1260007,884850,1549730,149941,4600103,2015582,2900432,2434580,149941,0.438160189021854,0.630514577608371,0.529244671260622,0.0325951397175237
"MSR","Montserrat",1952,1979,3470,1956,4381,987,12773,5449,7405,6337,987,0.426602990683473,0.579738510921475,0.496124637908087,0.0772723714084397
"MSR","Montserrat",1956,1863,3399,1939,4250,961,12412,5262,7201,6189,961,0.423944569771189,0.5801643570738,0.498630357718337,0.0774250725104737
"MSR","Montserrat",1960,1753,3331,2056,3898,1019,12057,5084,7140,5954,1019,0.42166376378867,0.592187111221697,0.493821016836692,0.0845152193746371
"MSR","Montserrat",1964,1619,3016,2161,3917,1038,11751,4635,6796,6078,1038,0.394434516211386,0.578333758829036,0.517232575950983,0.0883329078376308
"MSR","Montserrat",1968,1571,2926,2038,3783,1147,11465,4497,6535,5821,1147,0.392237243785434,0.569995638901003,0.507719145224597,0.100043610989969
"MSR","Montserrat",1972,1369,2952,2086,3711,1254,11372,4321,6407,5797,1254,0.379968343299332,0.56340133661625,0.509760816039395,0.110270840661273
"MSR","Montserrat",1976,1208,2764,2220,3887,1362,11441,3972,6192,6107,1362,0.347172449960668,0.541211432567083,0.533782012061883,0.11904553797745
"MSR","Montserrat",1980,991,2561,2269,4091,1452,11364,3552,5821,6360,1452,0.312565997888068,0.512231608588525,0.559662090813094,0.127771911298838
"MSR","Montserrat",1984,981,2083,2296,4365,1353,11078,3064,5360,6661,1353,0.276584220978516,0.483841848709153,0.601281819823073,0.122133959198411
"MSR","Montserrat",1988,1063,1807,2084,4575,1343,10872,2870,4954,6659,1343,0.263980868285504,0.455665930831494,0.612490802060338,0.123528329654157
"MSR","Montserrat",1992,802,1786,1616,4471,1338,10013,2588,4204,6087,1338,0.258463996804155,0.41985418955358,0.607909717367422,0.133626285828423
"MSR","Montserrat",1996,462,1266,1082,3748,1068,7626,1728,2810,4830,1068,0.226593233674272,0.368476265407815,0.633359559402046,0.140047206923682
"MSR","Montserrat",2000,311,675,609,2706,752,5053,986,1595,3315,752,0.195131604987136,0.315654066890956,0.65604591331882,0.148822481694043
"MSR","Montserrat",2004,275,603,560,2479,624,4541,878,1438,3039,624,0.193349482492843,0.316670336930192,0.669235851134111,0.137414666373046
"MSR","Montserrat",2008,278,663,582,2556,621,4700,941,1523,3138,621,0.200212765957447,0.324042553191489,0.667659574468085,0.132127659574468
"MSR","Montserrat",2012,284,632,632,2613,661,4822,916,1548,3245,661,0.189962671090834,0.321028618830361,0.672957279137287,0.137080049771879
"MSR","Montserrat",2016,240,577,598,2549,701,4665,817,1415,3147,701,0.17513397642015,0.303322615219721,0.67459807073955,0.1502679528403
"MSR","Montserrat",2020,250,527,514,2441,800,4532,777,1291,2955,800,0.171447484554281,0.28486319505737,0.652030008826125,0.176522506619594
"MTQ","Martinique",1952,41876,57055,40280,90456,13169,242836,98931,139211,130736,13169,0.407398408802649,0.573271673063302,0.538371575878371,0.0542300153189807
"MTQ","Martinique",1956,44680,68637,43606,96252,13071,266246,113317,156923,139858,13071,0.425610150011643,0.589391014325098,0.525296154684014,0.0490936953043426
"MTQ","Martinique",1960,48475,77606,44998,104149,13551,288779,126081,171079,149147,13551,0.436600306809013,0.592421886633031,0.516474535890768,0.0469251573002192
"MTQ","Martinique",1964,49605,84809,49931,109533,14584,308462,134414,184345,159464,14584,0.435755457722507,0.597626287840966,0.516964812521478,0.0472797297560153
"MTQ","Martinique",1968,48509,91515,57316,110188,16007,323535,140024,197340,167504,16007,0.43279397901309,0.609949464509249,0.517730693742563,0.0494753272443476
"MTQ","Martinique",1972,43835,92587,60498,111517,17903,326340,136422,196920,172015,17903,0.418036403750689,0.603419746276889,0.527103634246491,0.0548599620028191
"MTQ","Martinique",1976,35979,89394,67089,115876,20632,328970,125373,192462,182965,20632,0.381107699790254,0.585044228957048,0.556175335136943,0.062716965072803
"MTQ","Martinique",1980,27424,80306,75425,125038,24091,332284,107730,183155,200463,24091,0.324210615016071,0.55120017816085,0.603288151099662,0.0725012338842677
"MTQ","Martinique",1984,28076,66268,79957,141289,27228,342818,94344,174301,221246,27228,0.27520141882865,0.508435963105788,0.645374513590302,0.0794240675810488
"MTQ","Martinique",1988,31281,59292,73055,165063,32098,360789,90573,163628,238118,32098,0.251041467450504,0.453528239497324,0.659992405533428,0.0889661270160676
"MTQ","Martinique",1992,32996,64131,56307,191826,38659,383919,97127,153434,248133,38659,0.252988260544542,0.399652009929178,0.646316019785424,0.100695719670035
"MTQ","Martinique",1996,31777,70919,58530,205599,42981,409806,102696,161226,264129,42981,0.25059662376832,0.393420301313304,0.644522042137011,0.104881334094669
"MTQ","Martinique",2000,29407,68502,63042,212750,47650,421351,97909,160951,275792,47650,0.232369212366887,0.38198793879687,0.654542175051204,0.113088612581909
"MTQ","Martinique",2004,27423,60417,56546,207639,53031,405056,87840,144386,264185,53031,0.216858903460262,0.356459353768368,0.652218458682256,0.130922637857481
"MTQ","Martinique",2008,27449,57031,53439,206237,56477,400633,84480,137919,259676,56477,0.210866304073803,0.344252720070488,0.648164280026858,0.140969415899339
"MTQ","Martinique",2012,24618,53486,47517,203279,62740,391640,78104,125621,250796,62740,0.199428046164845,0.320756306812379,0.640373812685119,0.160198141150036
"MTQ","Martinique",2016,20720,48313,42694,196506,70506,378739,69033,111727,239200,70506,0.182270640203412,0.294997346457587,0.631569497727987,0.186159862068601
"MTQ","Martinique",2020,16026,39486,38473,183182,79247,356414,55512,93985,221655,79247,0.155751457574618,0.263696151105175,0.621903180009764,0.222345362415618
"MUS","Mauritius",1952,100875,144296,94117,199852,18047,557187,245171,339288,293969,18047,0.440015650042086,0.608930215529077,0.527594864919677,0.0323894850382367
"MUS","Mauritius",1956,103795,176458,98936,216455,18921,614565,280253,379189,315391,18921,0.456018484619202,0.617003897065404,0.513193885105725,0.0307876302750726
"MUS","Mauritius",1960,114493,191758,118658,234999,20424,680332,306251,424909,353657,20424,0.450149338852207,0.624561243628111,0.519830024164672,0.03002063698312
"MUS","Mauritius",1964,118898,211191,126734,255314,24408,736545,330089,456823,382048,24408,0.448158632534333,0.620224154668079,0.518702862689992,0.0331385047756756
"MUS","Mauritius",1968,118076,224610,156852,271601,28148,799287,342686,499538,428453,28148,0.428739614181139,0.624979512990953,0.5360439992143,0.0352163866045613
"MUS","Mauritius",1972,105926,236099,187042,292971,31571,853609,342025,529067,480013,31571,0.400681108095158,0.619800166118211,0.562333574271124,0.0369853176337175
"MUS","Mauritius",1976,100166,227974,206122,329381,36211,899854,328140,534262,535503,36211,0.364659155818611,0.593720759145372,0.595099871756974,0.0402409724244155
"MUS","Mauritius",1980,110877,209777,221143,371048,41370,954215,320654,541797,592191,41370,0.336039571794617,0.567793421817934,0.620605419114141,0.0433550090912425
"MUS","Mauritius",1984,110976,210223,226110,417502,46432,1011243,321199,547309,643612,46432,0.317627909414453,0.541224018361561,0.636456321576515,0.0459157690090315
"MUS","Mauritius",1988,102305,222261,213320,472548,53153,1063587,324566,537886,685868,53153,0.305161683999522,0.505728257302882,0.644863090654549,0.0499752253459285
"MUS","Mauritius",1992,107594,216019,206126,525153,62774,1117666,323613,529739,731279,62774,0.289543566682712,0.473968967473288,0.654291174644303,0.0561652586729846
"MUS","Mauritius",1996,109182,207531,215602,571118,68948,1172381,316713,532315,786720,68948,0.270145114941303,0.454046082288949,0.671044651866586,0.0588102331921108
"MUS","Mauritius",2000,99904,211342,217248,613705,74425,1216624,311246,528494,830953,74425,0.255827601625482,0.434393863675219,0.682999020239614,0.0611733781349045
"MUS","Mauritius",2004,95645,208466,206109,659231,80336,1249787,304111,510220,865340,80336,0.243330263476896,0.408245565044284,0.692389983253146,0.0642797532699572
"MUS","Mauritius",2008,87127,196531,203686,700813,86464,1274621,283658,487344,904499,86464,0.222543014747129,0.382344241935446,0.709621918986114,0.0678350662667569
"MUS","Mauritius",2012,75318,183924,206637,724075,99194,1289148,259242,465879,930712,99194,0.201095607331354,0.361385193942045,0.721958999277042,0.0769453933916044
"MUS","Mauritius",2016,67716,169942,201545,731418,121124,1291745,237658,439203,932963,121124,0.183982132696469,0.340007509222021,0.722250134507972,0.0937677327955595
"MUS","Mauritius",2020,61550,148317,192138,734919,146197,1283121,209867,402005,927057,146197,0.163559788983268,0.313302486671171,0.722501619099056,0.113938591917676
"MWI","Malawi",1952,546069,822965,584297,1011879,94172,3059382,1369034,1953331,1596176,94172,0.447487106873218,0.638472410441063,0.521731513096436,0.030781380030346
"MWI","Malawi",1956,585653,865207,646678,1116187,101574,3315299,1450860,2097538,1762865,101574,0.43762568625032,0.632684412476823,0.531736353191673,0.030637960558007
"MWI","Malawi",1960,665168,897659,718160,1237466,109682,3628135,1562827,2280987,1955626,109682,0.430752163301531,0.628694081118812,0.539016877817391,0.030230958881078
"MWI","Malawi",1964,753538,964627,782702,1378440,118000,3997307,1718165,2500867,2161142,118000,0.429830633473986,0.62563796075708,0.540649492270671,0.0295198742553424
"MWI","Malawi",1968,839987,1097294,813609,1530540,129622,4411052,1937281,2750890,2344149,129622,0.439187976020233,0.623635812953463,0.531426290145752,0.0293857338340151
"MWI","Malawi",1972,934087,1248679,850691,1703002,138015,4874474,2182766,3033457,2553693,138015,0.447795187747437,0.622314735907915,0.52389098803276,0.028313824219803
"MWI","Malawi",1976,1043659,1418992,958113,1873547,149069,5443380,2462651,3420764,2831660,149069,0.452412104244054,0.628426455621323,0.52020252122762,0.0273853745283262
"MWI","Malawi",1980,1206715,1634952,1140478,2088040,195274,6265459,2841667,3982145,3228518,195274,0.453544903892915,0.635571152887602,0.51528834519546,0.0311667509116252
"MWI","Malawi",1984,1416703,1917070,1366718,2362896,269173,7332560,3333773,4700491,3729614,269173,0.454653354353732,0.641043646420895,0.508637365394896,0.036709280251372
"MWI","Malawi",1988,1623598,2311745,1671911,2777662,367821,8752737,3935343,5607254,4449573,367821,0.449612846815802,0.640628639932858,0.508363612433459,0.0420235407507389
"MWI","Malawi",1992,1898966,2743023,1894686,3232091,365739,10134505,4641989,6536675,5126777,365739,0.45803805908626,0.6449920346381,0.505873449171913,0.0360884917418266
"MWI","Malawi",1996,1924969,2854560,1958264,3283566,330506,10351865,4779529,6737793,5241830,330506,0.46170704505903,0.650877209082615,0.506365761145455,0.0319271937955141
"MWI","Malawi",2000,2070755,3153759,2234080,3482705,374315,11315614,5224514,7458594,5716785,374315,0.461708396910676,0.659141784087015,0.505212090126086,0.0330795129632382
"MWI","Malawi",2004,2273146,3481535,2564967,3700302,480076,12500026,5754681,8319648,6265269,480076,0.460373522423073,0.665570455613452,0.501220477461407,0.0384060001155198
"MWI","Malawi",2008,2577659,3869982,2861493,4120088,546155,13975377,6447641,9309134,6981581,546155,0.461357214191789,0.666109687058889,0.499562981377891,0.0390798044303206
"MWI","Malawi",2012,2798311,4445565,3162501,4773813,528512,15708702,7243876,10406377,7936314,528512,0.461137782103194,0.662459380794161,0.505217681257178,0.0336445366396282
"MWI","Malawi",2016,2870172,5042408,3558817,5563515,522199,17557111,7912580,11471397,9122332,522199,0.450676651756659,0.653376116378144,0.519580470841701,0.0297428774016408
"MWI","Malawi",2020,2942532,5480102,4073817,6508525,528490,19533466,8422634,12496451,10582342,528490,0.431189938334548,0.639745706163975,0.541754443374258,0.0270556182911932
"MYS","Malaysia",1952,1120927,1551410,1175780,2299901,274810,6422828,2672337,3848117,3475681,274810,0.416068591592364,0.599131254954982,0.541144959821437,0.0427864485861991
"MYS","Malaysia",1956,1324028,1770455,1318773,2500356,243011,7156623,3094483,4413256,3819129,243011,0.432394301055121,0.616667386279814,0.533649599818238,0.0339560991266412
"MYS","Malaysia",1960,1480208,2135553,1403686,2712606,224146,7956199,3615761,5019447,4116292,224146,0.454458341225502,0.63088504950668,0.517369160826671,0.0281724979478266
"MYS","Malaysia",1964,1583199,2530255,1487848,2985941,241171,8828414,4113454,5601302,4473789,241171,0.4659335187498,0.63446299641136,0.506748890570832,0.0273175906793678
"MYS","Malaysia",1968,1587511,2834781,1781223,3258065,263701,9725281,4422292,6203515,5039288,263701,0.454721256897359,0.637875142116716,0.518163742518083,0.0271150005845589
"MYS","Malaysia",1972,1612563,3020626,2174256,3557439,311950,10676834,4633189,6807445,5731695,311950,0.433947835097933,0.637590225716725,0.536834702122371,0.0292174627796967
"MYS","Malaysia",1976,1720794,3111323,2509275,4027266,381424,11750082,4832117,7341392,6536541,381424,0.411241130061901,0.624794958877734,0.556297479455888,0.0324613904822111
"MYS","Malaysia",1980,1847124,3236748,2792691,4665565,441219,12983347,5083872,7876563,7458256,441219,0.391568676397542,0.606666601454925,0.574447867718548,0.0339834558839104
"MYS","Malaysia",1984,2076197,3561317,3075248,5528100,518123,14758985,5637514,8712762,8603348,518123,0.381971659975263,0.590336124062732,0.582922741638399,0.0351055983863389
"MYS","Malaysia",1988,2341939,3990398,3305780,6560446,597992,16796555,6332337,9638117,9866226,597992,0.377002129305682,0.573815106728731,0.587395808247584,0.0356020624467339
"MYS","Malaysia",1992,2399906,4487610,3599640,7671109,676226,18834491,6887516,10487156,11270749,676226,0.36568633577621,0.556805915275332,0.598410065873296,0.0359035983504943
"MYS","Malaysia",1996,2589659,4812621,3868279,8802841,776574,20849974,7402280,11270559,12671120,776574,0.35502586238237,0.540555062562668,0.607728335776342,0.0372458018412877
"MYS","Malaysia",2000,2653701,5193974,4204928,10024877,890145,22967625,7847675,12052603,14229805,890145,0.341684218546759,0.524764881000974,0.619559270930277,0.0387565105229644
"MYS","Malaysia",2004,2621256,5460371,4996778,11110010,1068074,25256489,8081627,13078405,16106788,1068074,0.319982203385435,0.517823558135891,0.637728704096599,0.0422890925179664
"MYS","Malaysia",2008,2599883,5493410,5620118,12569496,1286462,27569369,8093293,13713411,18189614,1286462,0.293561053210902,0.497414757660939,0.659776217584088,0.0466627292050101
"MYS","Malaysia",2012,2504964,5495904,5822500,14285482,1552727,29661577,8000868,13823368,20107982,1552727,0.269738456589816,0.466036178723741,0.677913450117639,0.0523480932925448
"MYS","Malaysia",2016,2648308,5458681,5894267,15919223,1867678,31788157,8106989,14001256,21813490,1867678,0.255031740279878,0.440455104081687,0.686214365935087,0.0587538937850345
"MYS","Malaysia",2020,2597388,5522898,5989715,17500516,2277060,33887577,8120286,14110001,23490231,2277060,0.239624272930461,0.416376803806303,0.693181191443696,0.0671945356258431
"MYT","Mayotte",1952,4101,4785,3595,7572,1308,21361,8886,12481,11167,1308,0.415991760685361,0.584289125040963,0.522775150976078,0.0612330883385609
"MYT","Mayotte",1956,4564,6051,3723,7853,1220,23411,10615,14338,11576,1220,0.453419332792277,0.612447140233224,0.494468412284823,0.0521122549228995
"MYT","Mayotte",1960,5034,7542,4072,8204,1163,26015,12576,16648,12276,1163,0.483413415337305,0.639938497020949,0.471881606765328,0.0447049778973669
"MYT","Mayotte",1964,5603,8771,5029,8702,1143,29248,14374,19403,13731,1143,0.491452407002188,0.663395787746171,0.469467997811816,0.0390795951859956
"MYT","Mayotte",1968,6450,9842,6484,9312,1170,33258,16292,22776,15796,1170,0.489867099645198,0.684827710626015,0.474953394671959,0.0351795056828432
"MYT","Mayotte",1972,7544,11107,7646,9698,1239,37234,18651,26297,17344,1239,0.500913143900736,0.706263092872106,0.465810818069506,0.0332760380297577
"MYT","Mayotte",1976,8734,12852,8636,10779,1356,42357,21586,30222,19415,1356,0.509620605803055,0.713506622282031,0.458365795500153,0.0320135986967916
"MYT","Mayotte",1980,10237,15120,10196,13090,1518,50161,25357,35553,23286,1518,0.505512250553219,0.708777735691075,0.464225194872511,0.0302625545742708
"MYT","Mayotte",1984,12689,17868,12463,17421,1747,62188,30557,43020,29884,1747,0.491364893548595,0.691773332475719,0.480542870007075,0.0280922364443301
"MYT","Mayotte",1988,15753,21673,15475,24102,2129,79132,37426,52901,39577,2129,0.472956578880857,0.668515897487742,0.500139008239397,0.0269044128797452
"MYT","Mayotte",1992,19690,26799,18913,33200,2604,101206,46489,65402,52113,2604,0.459350236152007,0.646226508309784,0.514920064027824,0.0257296998201688
"MYT","Mayotte",1996,24340,33684,23203,45767,3183,130177,58024,81227,68970,3183,0.445731580847615,0.623973512986165,0.529817095185785,0.0244513239665993
"MYT","Mayotte",2000,28192,41502,26680,56442,3695,156511,69694,96374,83122,3695,0.445297774597313,0.615765026100402,0.531093661148418,0.0236085642542697
"MYT","Mayotte",2004,28755,49148,30325,62623,4202,175053,77903,108228,92948,4202,0.445025220933089,0.618258470291854,0.530970620326415,0.0240041587404957
"MYT","Mayotte",2008,34133,53512,34828,69207,4742,196422,87645,122473,104035,4742,0.446207654947002,0.623519768661352,0.529650446487664,0.0241418985653338
"MYT","Mayotte",2012,36592,61554,36300,78928,5633,219007,98146,134446,115228,5633,0.448140927002333,0.613889053774537,0.526138433931336,0.0257206390663312
"MYT","Mayotte",2016,44241,71264,42145,91635,6594,255879,115505,157650,133780,6594,0.451404765533709,0.616111521461316,0.522825241618109,0.0257699928481821
"MYT","Mayotte",2020,44706,79760,46794,105589,7531,284380,124466,171260,152383,7531,0.437674941979042,0.602222378507631,0.535842886278923,0.0264821717420353
"NAM","Namibia",1952,84211,124853,94903,200207,22465,526639,209064,303967,295110,22465,0.396977815923242,0.57718285201058,0.560364879927237,0.0426573041495218
"NAM","Namibia",1956,90790,137577,96693,204891,24615,554566,228367,325060,301584,24615,0.411794087628885,0.586152054038654,0.54381985192024,0.0443860604508751
"NAM","Namibia",1960,99097,150695,106054,209603,26024,591473,249792,355846,315657,26024,0.422321898040993,0.601626786007138,0.533679474802738,0.0439986271562692
"NAM","Namibia",1964,110480,165912,120557,219426,28164,644539,276392,396949,339983,28164,0.428821219507276,0.615864982568937,0.527482433180925,0.0436963473117996
"NAM","Namibia",1968,125418,185621,136078,237422,31011,715550,311039,447117,373500,31011,0.434685207183286,0.624857801691007,0.521976102298931,0.0433386905177835
"NAM","Namibia",1972,144185,210798,151521,263982,33923,804409,354983,506504,415503,33923,0.441296653816653,0.629659787496162,0.516532012943664,0.0421713332396828
"NAM","Namibia",1976,165829,242437,168409,292986,36910,906571,408266,576675,461395,36910,0.450340899940545,0.636105721449285,0.508945245325518,0.040713854733937
"NAM","Namibia",1980,178587,278788,180594,303151,40315,981435,457375,637969,483745,40315,0.466026787306342,0.650036935711484,0.492895606942895,0.0410776057507629
"NAM","Namibia",1984,181164,315436,207953,318264,43174,1065991,496600,704553,526217,43174,0.465857591668222,0.660937099844183,0.493641128302209,0.0405012800295687
"NAM","Namibia",1988,200442,341106,253660,368568,45916,1209692,541548,795208,622228,45916,0.44767428403263,0.657364023238973,0.514368946806295,0.0379567691610757
"NAM","Namibia",1992,247908,368804,312490,482668,49445,1461315,616712,929202,795158,49445,0.422025367562777,0.635867010192874,0.544138669622908,0.0338359628143145
"NAM","Namibia",1996,262971,427991,339946,561924,53261,1646093,690962,1030908,901870,53261,0.419758786411217,0.626275672152181,0.547885204541906,0.0323560090468765
"NAM","Namibia",2000,261148,493990,368243,638073,57179,1818633,755138,1123381,1006316,57179,0.415222862446684,0.617706266190045,0.553336489550118,0.031440648003198
"NAM","Namibia",2004,261746,515382,402457,700830,61649,1942064,777128,1179585,1103287,61649,0.400155710625397,0.60738729516638,0.568100227386945,0.0317440619876585
"NAM","Namibia",2008,268903,499338,455256,755582,67951,2047030,768241,1223497,1210838,67951,0.375295428010337,0.597693731894501,0.591509650566919,0.0331949214227442
"NAM","Namibia",2012,303149,500955,486744,827202,76570,2194620,804104,1290848,1313946,76570,0.366397827414313,0.588187476647438,0.598712305547202,0.034889867038485
"NAM","Namibia",2016,343169,548213,504478,956895,86417,2439172,891382,1395860,1461373,86417,0.36544450329866,0.572267966342677,0.59912667085388,0.0354288258474597
"NAM","Namibia",2020,385745,627701,512772,1104983,97505,2728706,1013446,1526218,1617755,97505,0.37140168270235,0.559319325717025,0.592865262875517,0.0357330544221327
"NCL","New Caledonia",1952,9475,14462,11729,27123,2965,65754,23937,35666,38852,2965,0.364038689661465,0.54241567052955,0.590868996562947,0.0450923137755878
"NCL","New Caledonia",1956,10487,15937,12554,28983,2672,70633,26424,38978,41537,2672,0.374102756501918,0.551838375829995,0.588067900273243,0.0378293432248382
"NCL","New Caledonia",1960,12099,18471,14083,32440,2739,79832,30570,44653,46523,2739,0.382929151217557,0.559337107926646,0.582761298727327,0.0343095500551157
"NCL","New Caledonia",1964,14072,21254,16006,36302,2984,90618,35326,51332,52308,2984,0.38983424926615,0.566465823567062,0.577236310666755,0.0329294400670948
"NCL","New Caledonia",1968,15509,24587,18300,39744,3316,101456,40096,58396,58044,3316,0.395205803501025,0.575579561583346,0.572110077274878,0.0326841192240971
"NCL","New Caledonia",1972,18445,29849,21649,45997,4006,119946,48294,69943,67646,4006,0.402631184032815,0.583120737665283,0.563970453370684,0.0333983625965018
"NCL","New Caledonia",1976,21190,35900,25821,54011,5183,142105,57090,82911,79832,5183,0.401745188417016,0.583448858238626,0.561781781077372,0.036473030505612
"NCL","New Caledonia",1980,20164,37987,28039,57742,5894,149826,58151,86190,85781,5894,0.388123556659058,0.575267310079692,0.572537476806429,0.0393389665345134
"NCL","New Caledonia",1984,19190,38626,31001,62381,6403,157601,57816,88817,93382,6403,0.366850464146801,0.56355606880667,0.592521621055704,0.0406279147974949
"NCL","New Caledonia",1988,18853,37820,34404,70114,7330,168521,56673,91077,104518,7330,0.336296366624931,0.540448964817441,0.62020757056984,0.043496062805229
"NCL","New Caledonia",1992,21515,38303,37885,80211,8170,186084,59818,97703,118096,8170,0.321456976419252,0.525047827862686,0.634638120418736,0.0439049031620129
"NCL","New Caledonia",1996,22029,40408,39249,93545,9817,205048,62437,101686,132794,9817,0.304499434278803,0.495913152042449,0.64762397097265,0.0478765947485467
"NCL","New Caledonia",2000,22774,43614,39198,105527,11996,223109,66388,105586,144725,11996,0.297558592436881,0.473248501853354,0.648673966536536,0.0537674410265834
"NCL","New Caledonia",2004,22561,46237,40890,116438,14737,240863,68798,109688,157328,14737,0.285631250960089,0.455395805914566,0.653184590410316,0.0611841586295944
"NCL","New Caledonia",2008,21835,45918,42007,125960,18107,253827,67753,109760,167967,18107,0.266925898348087,0.432420506880671,0.661738112966706,0.0713359886852069
"NCL","New Caledonia",2012,22655,45690,43793,137649,21848,271635,68345,112138,181442,21848,0.251606015425111,0.412826034936588,0.667962523238905,0.0804314613359839
"NCL","New Caledonia",2016,22311,45082,43547,146719,25769,283428,67393,110940,190266,25769,0.237778201165728,0.391422160125323,0.671302764723316,0.0909190341109559
"NCL","New Caledonia",2020,20859,42521,41433,150226,29142,284181,63380,104813,191659,29142,0.223026873717807,0.368824798279969,0.674425806088373,0.10254732019382
"NER","Niger",1952,582035,798071,535348,832783,23654,2771891,1380106,1915454,1368131,23654,0.497893315429791,0.691027893953983,0.493573159983564,0.008533524586645
"NER","Niger",1956,659399,885008,608674,943994,27679,3124754,1544407,2153081,1552668,27679,0.494249147292875,0.689040161241493,0.496892875407152,0.00885797729997305
"NER","Niger",1960,735092,981326,694555,1054867,39216,3505056,1716418,2410973,1749422,39216,0.489697739494034,0.687855771776542,0.499113851533328,0.0111884089726384
"NER","Niger",1964,817847,1102474,777708,1185100,52692,3935821,1920321,2698029,1962808,52692,0.487908621860598,0.685506022758657,0.498703574171691,0.0133878039677109
"NER","Niger",1968,898545,1233141,866182,1339316,66456,4403640,2131686,2997868,2205498,66456,0.484073629997002,0.680770453533895,0.500835218137722,0.0150911518652751
"NER","Niger",1972,982824,1364219,965448,1511712,80644,4904847,2347043,3312491,2477160,80644,0.478515028093639,0.675350525714665,0.505043276579269,0.0164416953270918
"NER","Niger",1976,1086534,1496927,1088425,1696238,96839,5464963,2583461,3671886,2784663,96839,0.472731654358868,0.671895857300406,0.509548372056682,0.0177199735844506
"NER","Niger",1980,1230120,1650757,1217317,1921173,116601,6135968,2880877,4098194,3138490,116601,0.469506522850184,0.667896899071182,0.511490607512947,0.019002869636869
"NER","Niger",1984,1395422,1854121,1346458,2174932,139041,6909974,3249543,4596001,3521390,139041,0.470268484367669,0.66512565749162,0.509609732250802,0.0201217833815294
"NER","Niger",1988,1548991,2110336,1491749,2478691,163985,7793752,3659327,5151076,3970440,163985,0.469520585207228,0.660923775865591,0.509438842806392,0.0210405719863809
"NER","Niger",1992,1732356,2388431,1673617,2831632,191597,8817633,4120787,5794404,4505249,191597,0.467334827838718,0.657138259213102,0.510936324975195,0.0217288471860872
"NER","Niger",1996,1996643,2694211,1907901,3223230,222862,10044847,4690854,6598755,5131131,222862,0.466991085080738,0.656929368859476,0.510822215609655,0.0221866993096062
"NER","Niger",2000,2348830,3097544,2164609,3639480,259171,11509634,5446374,7610983,5804089,259171,0.473201319868208,0.661270636407726,0.504280935432004,0.022517744699788
"NER","Niger",2004,2733900,3665670,2443210,4119943,303120,13265843,6399570,8842780,6563153,303120,0.482409598847205,0.66658259109504,0.494740741315874,0.022849659836921
"NER","Niger",2008,3157865,4385522,2781569,4676002,360963,15361921,7543387,10324956,7457571,360963,0.49104451194613,0.672113598292818,0.485458231428218,0.0234972566256525
"NER","Niger",2012,3607743,5212588,3264246,5320230,431960,17836767,8820331,12084577,8584476,431960,0.494502787416576,0.677509382726141,0.481279819375339,0.0242173932080853
"NER","Niger",2016,4043969,6094866,3928086,6110432,508395,20685748,10138835,14066921,10038518,508395,0.490136252264119,0.680029602990426,0.485286681438834,0.0245770662970466
"NER","Niger",2020,4404157,6984861,4695946,7033453,599197,23717614,11389018,16084964,11729399,599197,0.48019240046659,0.67818643140073,0.494543801918692,0.0252637976147179
"NGA","Nigeria",1952,6408004,9658946,7314321,14144436,1190500,38716207,16066950,23381271,21458757,1190500,0.414992873656244,0.603914298732828,0.554257729844248,0.0307493964995073
"NGA","Nigeria",1956,7008932,10198225,7936803,15229829,1342268,41716057,17207157,25143960,23166632,1342268,0.41248282405981,0.602740570615291,0.555340884686201,0.0321762912539888
"NGA","Nigeria",1960,7677201,10855392,8624131,16397033,1500026,45053783,18532593,27156724,25021164,1500026,0.411343771065795,0.602762347392671,0.555362110213919,0.0332941187202859
"NGA","Nigeria",1964,8459771,11825963,9251304,17817833,1657144,49012015,20285734,29537038,27069137,1657144,0.413893083155222,0.602648921902109,0.55229594212766,0.0338109747171178
"NGA","Nigeria",1968,9359026,13083098,9823212,19393056,1774377,53432769,22442124,32265336,29216268,1774377,0.420006756528003,0.60384922218798,0.546785587698066,0.0332076557739315
"NGA","Nigeria",1972,10491503,14561266,10523113,21117474,1908372,58601728,25052769,35575882,31640587,1908372,0.427509048879924,0.60707906087684,0.539925836316636,0.0325651148034406
"NGA","Nigeria",1976,12087631,16404852,11705290,22967827,2092371,65257971,28492483,40197773,34673117,2092371,0.436613069076267,0.615982574757036,0.531323859272303,0.0320630716514309
"NGA","Nigeria",1980,14032508,18878272,13160248,25361854,2331721,73764603,32910780,46071028,38522102,2331721,0.446159521796654,0.62456823633959,0.522230181324232,0.0316102968791142
"NGA","Nigeria",1984,15508827,21944467,14667053,27802101,2603944,82526392,37453294,52120347,42469154,2603944,0.453834138296025,0.631559743942277,0.514612997984936,0.0315528637190391
"NGA","Nigeria",1988,16669293,25230828,16637172,30586229,2896500,92020022,41900121,58537293,47223401,2896500,0.455337002636231,0.636136481254047,0.513186152031131,0.0314768453326386
"NGA","Nigeria",1992,18122857,27950690,19330763,33773949,3194442,102372701,46073547,65404310,53104712,3194442,0.450056963916582,0.638884286153591,0.518738994685702,0.031204041397716
"NGA","Nigeria",1996,20020317,30306398,22465150,37457724,3505103,113754692,50326715,72791865,59922874,3505103,0.442414410475482,0.639902088610112,0.526772768194915,0.0308128213296028
"NGA","Nigeria",2000,22232767,33043618,25367967,41899571,3838470,126382393,55276385,80644352,67267538,3838470,0.437374096880726,0.638097998350134,0.532254030037238,0.030371873082036
"NGA","Nigeria",2004,25239088,36704272,27599981,47258224,4255380,141056945,61943360,89543341,74858205,4255380,0.439137257651511,0.634802781245546,0.530694926081094,0.0301678162673947
"NGA","Nigeria",2008,28252690,41522317,29915251,53160190,4744454,157594902,69775007,99690258,83075441,4744454,0.442749137913103,0.63257286076424,0.527145484693407,0.0301053773934895
"NGA","Nigeria",2012,31188175,47156370,33048746,59504298,5302907,176200496,78344545,111393291,92553044,5302907,0.444632942463454,0.632196239674603,0.525271188793929,0.0300958687426169
"NGA","Nigeria",2016,33136281,53136645,37053331,66321963,5795326,195443546,86272926,123326257,103375294,5795326,0.441421207124435,0.631007058171161,0.528926619045277,0.0296521738302886
"NGA","Nigeria",2020,33297235,58348206,42103276,73867575,6379723,213996015,91645441,133748717,115970851,6379723,0.428257699097808,0.625005643212562,0.541929956032125,0.0298123448700669
"NIC","Nicaragua",1952,275715,362774,270568,461486,38480,1409023,638489,909057,732054,38480,0.453143064378651,0.64516831875704,0.51954723237307,0.0273097032482791
"NIC","Nicaragua",1956,313397,422187,295128,508438,42827,1581977,735584,1030712,803566,42827,0.464977682987806,0.651534124705985,0.507950494855488,0.0270718221567064
"NIC","Nicaragua",1960,349107,499131,325306,562415,46412,1782371,848238,1173544,887721,46412,0.475904287042372,0.658417355309304,0.498056240816306,0.0260394721413219
"NIC","Nicaragua",1964,386097,582103,367351,623573,51059,2010183,968200,1335551,990924,51059,0.481647690782382,0.664392744342182,0.492952134208677,0.025400175008942
"NIC","Nicaragua",1968,430506,655220,438011,694638,57461,2275836,1085726,1523737,1132649,57461,0.477066888826787,0.669528472174621,0.497684806813848,0.0252483043593651
"NIC","Nicaragua",1972,485455,734640,517618,770839,65030,2573582,1220095,1737713,1288457,65030,0.474084369567397,0.675211825385785,0.500647346771931,0.0252682836606722
"NIC","Nicaragua",1976,546463,825701,588418,869322,73944,2903848,1372164,1960582,1457740,73944,0.472532997594915,0.675166882013108,0.502002859653811,0.0254641427512735
"NIC","Nicaragua",1980,605362,934561,654647,974026,83806,3252402,1539923,2194570,1628673,83806,0.473472528918627,0.674753612868274,0.500760053646505,0.0257674174348681
"NIC","Nicaragua",1984,655170,1052557,730674,1085257,95449,3619107,1707727,2438401,1815931,95449,0.471864191912535,0.673757642423946,0.501762175033786,0.0263736330536787
"NIC","Nicaragua",1988,688103,1166627,818718,1189751,109113,3972312,1854730,2673448,2008469,109113,0.466914482044714,0.673020648931907,0.505617131786224,0.0274683861690622
"NIC","Nicaragua",1992,709351,1262127,933877,1326356,125315,4357026,1971478,2905355,2260233,125315,0.452482496087928,0.666820670797007,0.518755912863499,0.028761591048573
"NIC","Nicaragua",1996,708029,1330340,1047464,1500218,143923,4729974,2038369,3085833,2547682,143923,0.430947189138883,0.652399569215391,0.538624948044112,0.0304278628170049
"NIC","Nicaragua",2000,682007,1342485,1111830,1709152,177154,5022628,2024492,3136322,2820982,177154,0.403074247186931,0.624438441389647,0.561654576050625,0.0352711767624439
"NIC","Nicaragua",2004,655697,1320590,1150052,1932008,214551,5272898,1976287,3126339,3082060,214551,0.374800915928964,0.592907164143892,0.584509694668852,0.0406893894021845
"NIC","Nicaragua",2008,662536,1298086,1204193,2170190,241576,5576581,1960622,3164815,3374383,241576,0.351581372170511,0.567518879399403,0.605098894824625,0.0433197330048644
"NIC","Nicaragua",2012,675294,1292772,1245883,2424244,263076,5901269,1968066,3213949,3670127,263076,0.333498777974703,0.544619979194305,0.621921657867147,0.0445795641581497
"NIC","Nicaragua",2016,675538,1307699,1255494,2694776,299128,6232635,1983237,3238731,3950270,299128,0.318202012471451,0.519640729803687,0.633804161482262,0.047993826046287
"NIC","Nicaragua",2020,666410,1330905,1249816,2979319,338780,6565230,1997315,3247131,4229135,338780,0.304226203803979,0.494595162698032,0.644171643643863,0.0516021525521574
"NIU","Niue",1952,704,1121,881,1662,213,4581,1825,2706,2543,213,0.398384632176381,0.590700720366732,0.55511896965728,0.0464963981663392
"NIU","Niue",1956,858,1156,834,1610,232,4690,2014,2848,2444,232,0.429424307036247,0.607249466950959,0.521108742004264,0.0494669509594883
"NIU","Niue",1960,961,1294,790,1563,239,4847,2255,3045,2353,239,0.465236228595007,0.628223643490819,0.485454920569424,0.0493088508355684
"NIU","Niue",1964,987,1523,764,1629,247,5150,2510,3274,2393,247,0.487378640776699,0.635728155339806,0.464660194174757,0.0479611650485437
"NIU","Niue",1968,883,1664,804,1624,259,5234,2547,3351,2428,259,0.486625907527703,0.640236912495224,0.463889950324799,0.0494841421474971
"NIU","Niue",1972,832,1575,844,1420,243,4914,2407,3251,2264,243,0.48982498982499,0.661579161579162,0.460724460724461,0.0494505494505494
"NIU","Niue",1976,556,1277,745,1181,254,4013,1833,2578,1926,254,0.456765512085721,0.642412160478445,0.479940194368303,0.0632942935459756
"NIU","Niue",1980,416,1059,714,1130,231,3550,1475,2189,1844,231,0.415492957746479,0.616619718309859,0.51943661971831,0.0650704225352113
"NIU","Niue",1984,368,751,586,1042,227,2974,1119,1705,1628,227,0.37626092804304,0.573301950235373,0.547410894418292,0.0763281775386685
"NIU","Niue",1988,302,612,443,990,212,2559,914,1357,1433,212,0.357170769831966,0.530285267682689,0.559984368894099,0.0828448612739351
"NIU","Niue",1992,239,552,425,1011,216,2443,791,1216,1436,216,0.32378223495702,0.49774866966844,0.587801882930823,0.0884158821121572
"NIU","Niue",1996,227,454,384,1018,207,2290,681,1065,1402,207,0.297379912663755,0.465065502183406,0.612227074235808,0.0903930131004367
"NIU","Niue",2000,195,381,322,977,193,2068,576,898,1299,193,0.27852998065764,0.434235976789168,0.628143133462282,0.0933268858800774
"NIU","Niue",2004,168,341,242,937,203,1891,509,751,1179,203,0.269169751454257,0.397144368059228,0.623479640401904,0.107350608143839
"NIU","Niue",2008,166,300,224,895,220,1805,466,690,1119,220,0.258171745152355,0.382271468144044,0.61994459833795,0.121883656509695
"NIU","Niue",2012,152,309,208,887,228,1784,461,669,1095,228,0.258408071748879,0.375,0.613789237668161,0.12780269058296
"NIU","Niue",2016,143,321,221,883,238,1806,464,685,1104,238,0.256921373200443,0.379291251384275,0.611295681063123,0.131782945736434
"NIU","Niue",2020,126,322,238,867,269,1822,448,686,1105,269,0.245883644346872,0.376509330406147,0.606476399560922,0.147639956092206
"NLD","Netherlands",1952,1153873,1921398,1603770,4871992,831222,10382255,3075271,4679041,6475762,831222,0.296204533600841,0.45067675567591,0.623733668649056,0.0800617977501034
"NLD","Netherlands",1956,1114158,2150050,1615392,5085486,924630,10889716,3264208,4879600,6700878,924630,0.299751435207309,0.4480924938722,0.615340014376867,0.0849085504158235
"NLD","Netherlands",1960,1154698,2289114,1721453,5287788,1033789,11486842,3443812,5165265,7009241,1033789,0.299804942037159,0.44966797662926,0.610197389325978,0.0899976686368629
"NLD","Netherlands",1964,1207379,2247300,2041895,5486496,1148722,12131792,3454679,5496574,7528391,1148722,0.284762465429674,0.453071895726534,0.620550616100243,0.0946869184700826
"NLD","Netherlands",1968,1200075,2322536,2234177,5715815,1268111,12740714,3522611,5756788,7949992,1268111,0.276484583203108,0.451841866947174,0.6239832398718,0.0995321769250923
"NLD","Netherlands",1972,1167811,2402480,2279218,6109527,1383558,13342594,3570291,5849509,8388745,1383558,0.26758597316234,0.43840867825252,0.628719198080973,0.103694828756687
"NLD","Netherlands",1976,976882,2438674,2334442,6534150,1502223,13786371,3415556,5749998,8868592,1502223,0.247748736777793,0.417078432025368,0.643286909948963,0.108964353273244
"NLD","Netherlands",1980,885772,2277777,2458093,6913357,1627292,14162291,3163549,5621642,9371450,1627292,0.223378336174564,0.396944392683359,0.661718503030336,0.1149031607951
"NLD","Netherlands",1984,885158,2019744,2529432,7309548,1718363,14462245,2904902,5434334,9838980,1718363,0.20086106963338,0.375760056616383,0.68032176193945,0.11881716842717
"NLD","Netherlands",1988,918819,1820455,2479201,7750805,1855856,14825136,2739274,5218475,10230006,1855856,0.18477226785643,0.35200182986517,0.690044664683009,0.125183067460562
"NLD","Netherlands",1992,983873,1834925,2246340,8239286,1971430,15275854,2818798,5065138,10485626,1971430,0.184526377379621,0.331578057763579,0.686418317430895,0.129055305189484
"NLD","Netherlands",1996,994997,1910435,1989490,8673317,2070771,15639010,2905432,4894922,10662807,2070771,0.185781069262057,0.312994364732806,0.68180831139567,0.132410619342273
"NLD","Netherlands",2000,1009299,2004676,1911558,8968380,2163733,16057646,3013975,4925533,10879938,2163733,0.187697187993807,0.306740664229365,0.677554979104658,0.134747832901535
"NLD","Netherlands",2004,1028808,2033030,1976406,9118297,2267785,16424326,3061838,5038244,11094703,2267785,0.186420922234495,0.306754992564078,0.675504309887663,0.138074767877842
"NLD","Netherlands",2008,948418,2022895,2030857,9154521,2439078,16595769,2971313,5002170,11185378,2439078,0.179040392765168,0.301412366007264,0.673989737986833,0.146969869247999
"NLD","Netherlands",2012,925767,1997049,2085304,9143130,2762117,16913367,2922816,5008120,11228434,2762117,0.172811008003315,0.296104258838586,0.663879285537883,0.163309706458803
"NLD","Netherlands",2016,886945,1937470,2129914,9137277,3110943,17202549,2824415,4954329,11267191,3110943,0.16418584245858,0.287999702834737,0.654972178832335,0.180841978709085
"NLD","Netherlands",2020,874226,1880554,2174472,9291175,3413993,17634420,2754780,4929252,11465647,3413993,0.156216081957898,0.279524475429302,0.650185659636098,0.193598258406004
"NOR","Norway",1952,307693,521284,422058,1750501,326247,3327783,828977,1251035,2172559,326247,0.249107889546885,0.375936471819226,0.652854768474988,0.0980373419781278
"NOR","Norway",1956,306383,590524,416127,1790931,357035,3461000,896907,1313034,2207058,357035,0.259146778387749,0.37937994799191,0.637693730135799,0.103159491476452
"NOR","Norway",1960,308706,619712,466293,1791447,394888,3581046,928418,1394711,2257740,394888,0.259258886928568,0.389470283263605,0.63046942150422,0.110271691567212
"NOR","Norway",1964,308134,609599,557620,1783837,435055,3694245,917733,1475353,2341457,435055,0.248422343401696,0.3993652288898,0.633812050906207,0.117765605692097
"NOR","Norway",1968,324790,613570,610062,1787965,479615,3816002,938360,1548422,2398027,479615,0.245901338626133,0.405770751692478,0.628413454709929,0.125685206663938
"NOR","Norway",1972,327780,627231,610758,1850108,516934,3932811,955011,1565769,2460866,516934,0.242831654000154,0.398129734685954,0.625726992728611,0.131441353271235
"NOR","Norway",1976,299676,648483,612537,1906089,559305,4026090,948159,1560696,2518626,559305,0.235503677265039,0.387645581693405,0.625576179370059,0.138920143364902
"NOR","Norway",1980,261012,644659,623475,1953501,602795,4085442,905671,1529146,2576976,602795,0.221682500938699,0.37429144753493,0.630770428267003,0.147547070794298
"NOR","Norway",1984,254397,591083,645031,2007015,642243,4139769,845480,1490511,2652046,642243,0.204233617866118,0.360046901167674,0.640626566361553,0.155139815772329
"NOR","Norway",1988,263067,539332,665554,2059651,681598,4209202,802399,1467953,2725205,681598,0.190629720312781,0.348748527630653,0.64743982351049,0.161930456176729
"NOR","Norway",1992,296487,522830,630624,2140193,695802,4285936,819317,1449941,2770817,695802,0.191164077111744,0.338302065173162,0.646490521557018,0.162345401331238
"NOR","Norway",1996,303166,555566,576406,2252180,693461,4380779,858732,1435138,2828586,693461,0.196022670853745,0.327598812905193,0.645681053529521,0.158296275616734
"NOR","Norway",2000,301669,596893,542508,2368930,680467,4490467,898562,1441070,2911438,680467,0.200104354402337,0.320917623935328,0.648359736303596,0.151535909294067
"NOR","Norway",2004,290017,619898,558475,2447434,675451,4591275,909915,1468390,3005909,675451,0.198183511116193,0.31982183598238,0.654700273889061,0.147116214994745
"NOR","Norway",2008,296133,613664,607022,2552293,698412,4767524,909797,1516819,3159315,698412,0.190832180393848,0.318156552541739,0.662674167974823,0.146493651631329
"NOR","Norway",2012,311992,613488,660332,2653400,778500,5017712,925480,1585812,3313732,778500,0.184442630425979,0.316042849808837,0.660406974334119,0.155150395239902
"NOR","Norway",2016,304435,631385,668982,2766332,863952,5235086,935820,1604802,3435314,863952,0.178759241013424,0.306547399603369,0.656209659210947,0.165031099775629
"NOR","Norway",2020,286500,639330,657033,2842764,952538,5378165,925830,1582863,3499797,952538,0.172146075845572,0.294312837185174,0.65074184224545,0.177112081908978
"NPL","Nepal",1952,1424132,2140070,1655764,3286403,240928,8747297,3564202,5219966,4942167,240928,0.407463242645128,0.596751888040385,0.564993620314938,0.0275431370399336
"NPL","Nepal",1956,1511790,2342741,1763989,3540179,269189,9427888,3854531,5618520,5304168,269189,0.40884352890064,0.595946833479566,0.562604052996811,0.0285524181025485
"NPL","Nepal",1960,1603446,2515049,1920107,3783519,301543,10123664,4118495,6038602,5703626,301543,0.406818618239404,0.596483842213649,0.563395426794093,0.0297859549665022
"NPL","Nepal",1964,1738353,2687769,2119924,4061832,338510,10946388,4426122,6546046,6181756,338510,0.404345433397756,0.598009681367041,0.564730210549818,0.0309243560524257
"NPL","Nepal",1968,1900464,2899197,2299641,4423968,383002,11906272,4799661,7099302,6723609,383002,0.403120388984898,0.596265732884315,0.564711523472671,0.0321680875424314
"NPL","Nepal",1972,2083992,3166746,2484702,4820973,432686,12989099,5250738,7735440,7305675,432686,0.404241895454027,0.595533223667015,0.562446633134446,0.0333114714115275
"NPL","Nepal",1976,2268677,3499366,2658504,5265292,485807,14177646,5768043,8426547,7923796,485807,0.40684067016485,0.594354450661273,0.558893627334185,0.0342657025009653
"NPL","Nepal",1980,2494387,3860357,2898073,5753806,546476,15553099,6354744,9252817,8651879,546476,0.408583781277288,0.594917900284696,0.556280069971907,0.0351361487508052
"NPL","Nepal",1984,2741154,4265224,3196417,6270786,611655,17085236,7006378,10202795,9467203,611655,0.41008377057244,0.597170270284824,0.554116021575587,0.0358002078519723
"NPL","Nepal",1988,3004046,4716261,3492586,6750205,675560,18638658,7720307,11212893,10242791,675560,0.414209381383574,0.60159336578846,0.549545519854487,0.0362450987619388
"NPL","Nepal",1992,3286899,5243735,3906987,7418039,754026,20609686,8530634,12437621,11325026,754026,0.413913826731761,0.603484254927513,0.54950017190946,0.0365860013587786
"NPL","Nepal",1996,3613636,5813412,4315949,8157084,841776,22741857,9427048,13742997,12473033,841776,0.414524108563342,0.604304081236638,0.548461499867843,0.0370143915688152
"NPL","Nepal",2000,3610365,6441246,4735120,8823150,936626,24546507,10051611,14786731,13558270,936626,0.409492519648519,0.602396544648898,0.552350279410427,0.0381572009410545
"NPL","Nepal",2004,3433825,6878385,5120787,9534063,1049587,26016647,10312210,15432997,14654850,1049587,0.396369678229481,0.593197001904204,0.563287421319127,0.0403429004513918
"NPL","Nepal",2008,3179971,6928210,5458577,10214138,1209117,26990013,10108181,15566758,15672715,1209117,0.374515603234426,0.576759929682138,0.580685715119885,0.0447986816456887
"NPL","Nepal",2012,2989531,6566687,5883175,10715650,1379833,27534876,9556218,15439393,16598825,1379833,0.347058690222538,0.560721355709029,0.602829117516273,0.050112192261189
"NPL","Nepal",2016,2941062,6144990,6236584,11060103,1572679,27955418,9086052,15322636,17296687,1572679,0.325019357607173,0.548109708107387,0.618723962560674,0.0562566798321528
"NPL","Nepal",2020,2837653,5874331,6083339,12407618,1763577,28966518,8711984,14795323,18490957,1763577,0.300760484915722,0.510773265878902,0.638356222173476,0.0608832929108014
"NRU","Nauru",1952,499,920,662,1282,267,3630,1419,2081,1944,267,0.390909090909091,0.573278236914601,0.535537190082645,0.0735537190082645
"NRU","Nauru",1956,554,875,803,1590,219,4041,1429,2232,2393,219,0.353625340262311,0.552338530066815,0.59218015342737,0.0541945063103192
"NRU","Nauru",1960,675,931,801,2034,184,4625,1606,2407,2835,184,0.347243243243243,0.520432432432432,0.612972972972973,0.0397837837837838
"NRU","Nauru",1964,835,1236,847,2453,164,5535,2071,2918,3300,164,0.37416440831075,0.527190605239386,0.596205962059621,0.0296296296296296
"NRU","Nauru",1968,946,1673,819,2800,110,6348,2619,3438,3619,110,0.412570888468809,0.541587901701323,0.57010081915564,0.0173282923755514
"NRU","Nauru",1972,633,2076,1183,2861,78,6831,2709,3892,4044,78,0.396574440052701,0.569755526277265,0.592007026789635,0.0114185331576636
"NRU","Nauru",1976,559,1800,1679,2951,95,7084,2359,4038,4630,95,0.33300395256917,0.570016939582157,0.653585544889893,0.0134105025409373
"NRU","Nauru",1980,925,1440,1596,3442,267,7670,2365,3961,5038,267,0.308344198174707,0.516427640156454,0.656844850065189,0.0348109517601043
"NRU","Nauru",1984,1156,1835,1264,3728,415,8398,2991,4255,4992,415,0.356156227673256,0.506668254346273,0.594427244582043,0.0494165277447011
"NRU","Nauru",1988,1481,2116,1528,3716,342,9183,3597,5125,5244,342,0.391702058150931,0.558096482630948,0.571055210715453,0.0372427311336165
"NRU","Nauru",1992,1599,2668,1643,3956,176,10042,4267,5910,5599,176,0.424915355506871,0.588528181637124,0.557558255327624,0.0175263891655049
"NRU","Nauru",1996,1449,2743,1825,3997,192,10206,4192,6017,5822,192,0.410738781109151,0.589555163629238,0.570448755633941,0.0188124632569077
"NRU","Nauru",2000,1353,2605,2043,4015,171,10187,3958,6001,6058,171,0.388534406596643,0.589084126828311,0.594679493472072,0.016786099931285
"NRU","Nauru",2004,1243,2497,2109,4079,156,10084,3740,5849,6188,156,0.370884569615232,0.580027766759223,0.613645378817929,0.0154700515668386
"NRU","Nauru",2008,1362,2202,2152,4162,154,10032,3564,5716,6314,154,0.355263157894737,0.569776714513557,0.629385964912281,0.0153508771929825
"NRU","Nauru",2012,1652,2224,1953,4324,136,10289,3876,5829,6277,136,0.376712994460103,0.566527359315774,0.610069005734279,0.0132179998056177
"NRU","Nauru",2016,1628,2629,2019,4705,192,11173,4257,6276,6724,192,0.381007786628479,0.561711268235926,0.601807929830842,0.0171842835406784
"NRU","Nauru",2020,1504,2924,2028,4957,252,11665,4428,6456,6985,252,0.3795970852979,0.553450492927561,0.598799828546935,0.021603086155165
"NZL","New Zealand",1952,239232,361299,274704,940017,182471,1997723,600531,875235,1214721,182471,0.300607741914169,0.438116295402316,0.608052768076455,0.0913394900093757
"NZL","New Zealand",1956,258996,428864,296884,1002877,197193,2184814,687860,984744,1299761,197193,0.314836869408563,0.450722120967735,0.594906934869513,0.0902561957219242
"NZL","New Zealand",1960,289092,491453,337180,1055238,206486,2379449,780545,1117725,1392418,206486,0.328036028509121,0.469741103927842,0.585185057549038,0.0867789139418412
"NZL","New Zealand",1964,309893,540624,408282,1113606,216326,2588731,850517,1258799,1521888,216326,0.328545916899052,0.486261029052459,0.587889587601029,0.0835644954999187
"NZL","New Zealand",1968,297626,593306,460694,1171615,231235,2754476,890932,1351626,1632309,231235,0.323448815673108,0.490701679738723,0.592602367927693,0.083948816399199
"NZL","New Zealand",1972,302470,613270,509030,1243354,251088,2919212,915740,1424770,1752384,251088,0.313694243515031,0.488066642641918,0.600293503863371,0.0860122526215979
"NZL","New Zealand",1976,293651,631105,562863,1360179,278776,3126574,924756,1487619,1923042,278776,0.295772945083021,0.475798429846855,0.615063644743416,0.0891634101735638
"NZL","New Zealand",1980,256647,599288,580711,1403666,305914,3146226,855935,1436646,1984377,305914,0.272051340240657,0.45662517568668,0.630716610949118,0.0972320488102253
"NZL","New Zealand",1984,251246,564842,595219,1508774,329604,3249685,816088,1411307,2103993,329604,0.251128340131428,0.434290400454198,0.647445213920734,0.101426445947838
"NZL","New Zealand",1988,261861,516796,576254,1604177,356764,3315852,778657,1354911,2180431,356764,0.234828635294941,0.408616247046008,0.657577901546872,0.107593463158187
"NZL","New Zealand",1992,292392,522784,571508,1746575,398779,3532038,815176,1386684,2318083,398779,0.230794798923454,0.392601665100998,0.656301829142269,0.112903371934277
"NZL","New Zealand",1996,294621,564455,550401,1890460,429200,3729137,859076,1409477,2440861,429200,0.230368581256199,0.377963319663504,0.654537765708259,0.115093653035541
"NZL","New Zealand",2000,283405,594634,529707,1996253,453292,3857291,878039,1407746,2525960,453292,0.227630998024261,0.364957168126543,0.654853367298449,0.11751563467729
"NZL","New Zealand",2004,283882,607731,584862,2122444,484669,4083588,891613,1476475,2707306,484669,0.218340586758507,0.361563164550391,0.662972366458125,0.118687046783368
"NZL","New Zealand",2008,300624,595278,606601,2223204,535727,4261434,895902,1502503,2829805,535727,0.210234864601916,0.352581548840132,0.664049941874026,0.125715193524058
"NZL","New Zealand",2012,315202,594580,624056,2273738,603629,4411205,909782,1533838,2897794,603629,0.206243418748392,0.347714059990411,0.656916647492012,0.136839933759596
"NZL","New Zealand",2016,305032,620573,658535,2437023,693028,4714191,925605,1584140,3095558,693028,0.196344399282931,0.33603644824743,0.656646707780826,0.147008892936243
"NZL","New Zealand",2020,305620,658623,654226,2659470,791256,5069195,964243,1618469,3313696,791256,0.190216198035388,0.319275348452762,0.653692746086903,0.156091055877708
"OMN","Oman",1952,75355,121484,89544,167546,14902,468831,196839,286383,257090,14902,0.419850649807713,0.610844846010609,0.548363909383125,0.0317854408091615
"OMN","Oman",1956,82627,124421,96476,176121,16530,496175,207048,303524,272597,16530,0.417288255151912,0.61172771703532,0.549396886179271,0.0333148586688164
"OMN","Oman",1960,92051,128345,105994,186171,17928,530489,220396,326390,292165,17928,0.415458190462008,0.615262521937307,0.550746575329554,0.0337952342084379
"OMN","Oman",1964,104840,139339,112341,196546,19520,572586,244179,356520,308887,19520,0.426449476585177,0.622648824805357,0.539459574631584,0.0340909487832395
"OMN","Oman",1968,120346,161520,115760,209973,21202,628801,281866,397626,325733,21202,0.448259465236219,0.632355864574007,0.518022395002552,0.0337181397612281
"OMN","Oman",1972,137688,190409,120865,228631,22997,700590,328097,448962,349496,22997,0.468315277123567,0.640834154070141,0.498859532679599,0.0328251901968341
"OMN","Oman",1976,160992,226063,145949,256256,25442,814702,387055,533004,402205,25442,0.475087823523202,0.654231854101254,0.493683580008396,0.0312285964684019
"OMN","Oman",1980,202941,269029,183476,316638,29163,1001247,471970,655446,500114,29163,0.471382186413542,0.654629676793039,0.49949113455521,0.029126679031248
"OMN","Oman",1984,259161,329865,224655,399989,34052,1247722,589026,813681,624644,34052,0.472081120634244,0.652133247630482,0.500627543635521,0.0272913357302348
"OMN","Oman",1988,290784,426300,292843,538689,39956,1588572,717084,1009927,831532,39956,0.451401636186462,0.635745184983746,0.523446214587693,0.0251521492258456
"OMN","Oman",1992,296971,507472,360076,726834,46886,1938239,804443,1164519,1086910,46886,0.415038083538717,0.600812902846347,0.560771917188747,0.0241899992725355
"OMN","Oman",1996,291407,555187,427727,829728,52872,2156921,846594,1274321,1257455,52872,0.392501162536783,0.590805597423364,0.582986117711312,0.0245127197519056
"OMN","Oman",2000,267192,567762,496696,892667,57809,2282126,834954,1331650,1389363,57809,0.365866740048534,0.583512917341111,0.608802055627078,0.0253312043243888
"OMN","Oman",2004,257500,541368,546504,998778,60660,2404810,798868,1345372,1545282,60660,0.332195890735651,0.559450434753681,0.64257966325822,0.0252244460061294
"OMN","Oman",2008,271766,491521,612289,1182173,68767,2626516,763287,1375576,1794462,68767,0.290608166864394,0.523726487864532,0.683210001385866,0.02618183174974
"OMN","Oman",2012,327544,479450,655781,1991133,93169,3547077,806994,1462775,2646914,93169,0.227509580423543,0.412388848620991,0.746224003595073,0.0262664159813841
"OMN","Oman",2016,400343,571429,631953,2675176,111920,4390821,971772,1603725,3307129,111920,0.221318974287497,0.365244905223875,0.753191487423423,0.0254895382890808
"OMN","Oman",2020,439854,715925,570518,2678295,117847,4522439,1155779,1726297,3248813,117847,0.25556541503379,0.381718139260695,0.718376300929653,0.0260582840365564
"OWID_KOS","Kosovo",1952,131931,194812,159989,282972,41296,811000,326743,486732,442961,41296,0.402889025893958,0.600162762022195,0.546191122071517,0.0509198520345253
"OWID_KOS","Kosovo",1956,144187,217591,171524,313980,41409,888691,361778,533302,485504,41409,0.40709087860685,0.600098346894477,0.546313623070336,0.0465954983228141
"OWID_KOS","Kosovo",1960,155394,246116,183406,358180,41742,984838,401510,584916,541586,41742,0.407691417268627,0.593921030666973,0.549923946882634,0.0423846358487386
"OWID_KOS","Kosovo",1964,169721,270627,203379,402560,43984,1090271,440348,643727,605939,43984,0.40388857449203,0.590428434765301,0.555769161978994,0.0403422635289758
"OWID_KOS","Kosovo",1968,190314,297763,229911,446715,49503,1214206,488077,717988,676626,49503,0.401972152995455,0.591323053913422,0.557257994113025,0.0407698528915192
"OWID_KOS","Kosovo",1972,210504,339766,244864,450897,55547,1301578,550270,795134,695761,55547,0.422771435903188,0.61089999984634,0.5345519054563,0.0426766586405117
"OWID_KOS","Kosovo",1976,207057,380709,280675,503844,62593,1434878,587766,868441,784519,62593,0.409627856863092,0.605236821527684,0.546749619131383,0.0436225240055252
"OWID_KOS","Kosovo",1980,223623,400170,322742,590040,68247,1604822,623793,946535,912782,68247,0.388699182837723,0.58980684462202,0.568774605532576,0.042526211629701
"OWID_KOS","Kosovo",1984,242755,410573,361507,670352,71625,1756812,653328,1014835,1031859,71625,0.371882705719223,0.577657142596931,0.587347422490283,0.0407698717904932
"OWID_KOS","Kosovo",1988,263058,441394,387677,749446,76305,1917880,704452,1092129,1137123,76305,0.367307652199303,0.569445950737272,0.592906229795399,0.0397861180052975
"OWID_KOS","Kosovo",1992,259889,482025,421131,790208,86466,2039719,741914,1163045,1211339,86466,0.363733435831112,0.570198640106799,0.59387543088043,0.0423911332884579
"OWID_KOS","Kosovo",1996,214327,510191,444473,898261,101495,2168747,724518,1168991,1342734,101495,0.334072162405297,0.539016768668729,0.619128925596208,0.046798911998495
"OWID_KOS","Kosovo",2000,178105,460124,340085,717328,106846,1802488,638229,978314,1057413,106846,0.354082246317312,0.542757566208485,0.586640798718216,0.0592769549644713
"OWID_KOS","Kosovo",2004,166599,388118,398652,749575,119834,1822778,554717,953369,1148227,119834,0.304325046714411,0.523030780489999,0.62993244377538,0.0657425095102091
"OWID_KOS","Kosovo",2008,156885,353368,376130,792367,122109,1800859,510253,886383,1168497,122109,0.283338673377538,0.49220011116917,0.64885535180711,0.067805974815352
"OWID_KOS","Kosovo",2012,152663,337276,350914,840184,125489,1806526,489939,840853,1191098,125489,0.271205064305745,0.46545302973774,0.659330671133435,0.0694642645608201
"OWID_KOS","Kosovo",2016,133497,311913,322952,856086,137312,1761760,445410,768362,1179038,137312,0.25282104259377,0.436133184996821,0.669238715829625,0.0779402415766052
"OWID_KOS","Kosovo",2020,110047,285769,315351,887498,152743,1751408,395816,711167,1202849,152743,0.225998739300037,0.406054443053817,0.686789714332697,0.0872115463672656
"OWID_WRL","World",1952,369808787,538597047,468688053,1077187104,129789938,2584070929,908405834,1377093887,1545875157,129789938,0.351540595811563,0.53291644263531,0.598232478702987,0.0502269254854498
"OWID_WRL","World",1956,415775929,596112765,488620258,1155761759,139125006,2795395717,1011888694,1500508952,1644382017,139125006,0.361984061092414,0.536778726129815,0.588246596716096,0.0497693421914905
"OWID_WRL","World",1960,436596452,690948072,504123858,1233928636,149860352,3015457370,1127544524,1631668382,1738052494,149860352,0.37392156003187,0.541101458847684,0.5763810529346,0.0496973870335298
"OWID_WRL","World",1964,469172207,770420696,542447513,1317979482,164451917,3264471815,1239592903,1782040416,1860426995,164451917,0.379722348131224,0.545889355763974,0.569901380814954,0.0503762710538213
"OWID_WRL","World",1968,515962916,827806101,619017160,1398152461,184229601,3545168239,1343769017,1962786177,2017169621,184229601,0.379042382874061,0.553651066656755,0.568991225524742,0.051966391601197
"OWID_WRL","World",1972,541213951,899208439,713196035,1484884107,206390746,3844893278,1440422390,NA,2198080142,206390746,0.37463260638258,NA,0.571688206426207,0.0536791871912134
"OWID_WRL","World",1976,547089102,983711825,773026760,1608826069,231559950,4144213706,1530800927,NA,2381852829,231559950,0.369382719038766,NA,0.574741796146166,0.0558754848150681
"OWID_WRL","World",1980,551846093,1026419968,846463885,1764580061,258253412,4447563419,1578266061,NA,2611043946,258253412,0.354860833295292,NA,0.587072898127909,0.0580662685767989
"OWID_WRL","World",1984,591666656,1049587684,917750148,1945941800,277170763,4782117051,1641254340,NA,2863691948,277170763,0.343206643103141,NA,0.598833511906859,0.0579598449900009
"OWID_WRL","World",1988,629807706,1084121151,992133756,2129663121,306184817,5141910551,1713928857,NA,3121796877,306184817,0.333325296113266,NA,0.607127807074137,0.0595468968125968
"OWID_WRL","World",1992,648925857,1150736269,1020722787,2343506220,341998188,5505889321,1799662126,NA,3364229007,341998188,0.326861297254181,NA,0.611023725843617,0.0621149769022028
"OWID_WRL","World",1996,629364570,1226517304,1043856823,2560800901,381398079,5841937677,1855881874,NA,3604657724,381398079,0.317682586944859,NA,0.617031184394814,0.0652862286603267
"OWID_WRL","World",2000,626535696,1248470516,1096535180,2778339054,421660837,6171541283,1875006212,NA,3874874234,421660837,0.303814902310522,NA,0.627861672848831,0.0683234248406469
"OWID_WRL","World",2004,638468417,1237029460,1177121990,2983841420,466713010,6503174297,1875497877,NA,4160963410,466713010,0.288397295127887,NA,0.639835750968494,0.0717669539036192
"OWID_WRL","World",2008,656122816,1235087478,1224180296,3218017661,510794358,6844202609,1891210294,NA,4442197957,510794358,0.276322955651999,NA,0.649045361567554,0.0746316827804476
"OWID_WRL","World",2012,683539906,1258703804,1230759777,3467181682,560697400,7200882569,1942243710,NA,4697941459,560697400,0.269723008449188,NA,0.652411897289475,0.0778650942613365
"OWID_WRL","World",2016,697616148,1302987768,1217130830,3701427354,639011161,7558173261,2000603916,NA,4918558184,639011161,0.264694106223136,NA,0.650760178968065,0.0845457148087995
"OWID_WRL","World",2020,683431005,1351629492,1232362643,3882253581,736844941,7886521662,2035060497,NA,5114616224,736844941,0.25804284629124,NA,0.648526237954052,0.0934309157547078
"PAK","Pakistan",1952,5941894,9822288,7382247,13493140,737313,37376882,15764182,23146429,20875387,737313,0.421762896113164,0.619271265056299,0.558510659075308,0.0197264448115282
"PAK","Pakistan",1956,6752061,10302227,8126060,15001028,932451,41113827,17054288,25180348,23127088,932451,0.414806629409614,0.612454491283431,0.562513628322657,0.0226797422677291
"PAK","Pakistan",1960,7838240,11046755,8982910,16738821,1102508,45709234,18884995,27867905,25721731,1102508,0.41315492182608,0.609677795081843,0.562725050260085,0.0241200279138347
"PAK","Pakistan",1964,8947504,12509676,9610285,18452009,1280513,50799987,21457180,31067465,28062294,1280513,0.422385541161654,0.611564428156251,0.552407503568849,0.0252069552694964
"PAK","Pakistan",1968,9998296,14739590,10132458,20378434,1561733,56810511,24737886,34870344,30510892,1561733,0.43544558154036,0.613800921452722,0.537064206305062,0.0274902121545782
"PAK","Pakistan",1972,11027767,16982720,11161809,22526967,1883927,63583190,28010487,39172296,33688776,1883927,0.440532898711122,0.616079438606336,0.529837776305341,0.0296293249835373
"PAK","Pakistan",1976,12371913,19138814,13218708,24650393,2240411,71620239,31510727,44729435,37869101,2240411,0.439969587367615,0.624536243170035,0.52874859856304,0.0312818140693443
"PAK","Pakistan",1980,14155700,21506832,15874836,28074534,2678902,82290804,35662532,51537368,43949370,2678902,0.433372020523703,0.626283442315134,0.534073892387781,0.032554087088516
"PAK","Pakistan",1984,16815095,24390626,18213935,32573765,3171418,95164839,41205721,59419656,50787700,3171418,0.432993124698083,0.62438666028742,0.533681352626467,0.0333255226754495
"PAK","Pakistan",1988,19364716,28303423,20221184,37147748,3687589,108724660,47668139,67889323,57368932,3687589,0.438429874142628,0.62441513268471,0.527653358492912,0.0339167673644599
"PAK","Pakistan",1992,21735852,33011881,22575557,41999216,4224258,123546764,54747733,77323290,64574773,4224258,0.44313368660955,0.625862527649854,0.522674742011049,0.0341915713794009
"PAK","Pakistan",1996,23422629,38006070,25634121,46718922,4775239,138556981,61428699,87062820,72353043,4775239,0.443346113322143,0.628353904448885,0.522189805795494,0.0344640808823628
"PAK","Pakistan",2000,24705502,42327808,30034383,52424204,5387088,154878985,67033310,97067693,82458587,5387088,0.432810881347137,0.62673249698789,0.53240655599596,0.0347825626569027
"PAK","Pakistan",2004,25865123,45752429,34808001,58788979,6071278,171285810,71617552,106425553,93596980,6071278,0.418117250926974,0.621333156552782,0.54643744277474,0.0354453062982859
"PAK","Pakistan",2008,27196226,48537766,39707913,67169010,6887981,189498896,75733992,115441905,106876923,6887981,0.399654001150487,0.609195659905058,0.563997602392364,0.0363483964571488
"PAK","Pakistan",2012,30165296,50848512,43027166,75816436,7809463,207666873,81013808,124040974,118843602,7809463,0.390114257655336,0.597307467522757,0.572280018874267,0.0376057234703967
"PAK","Pakistan",2016,30824940,54258419,44387436,82191804,8475961,220138560,85083359,129470795,126579240,8475961,0.386499116738113,0.588133196655779,0.574998037599592,0.0385028456622956
"PAK","Pakistan",2020,30977883,57993371,46670115,89907061,9453025,235001455,88971254,135641369,136577176,9453025,0.378598736761013,0.577193741204709,0.581175873996184,0.0402253892428028
"PAN","Panama",1952,154128,233586,168552,317433,30761,904460,387714,556266,485985,30761,0.42866904009022,0.615025540101276,0.537320611193419,0.0340103487163611
"PAN","Panama",1956,174892,263988,187782,345863,33352,1005877,438880,626662,533645,33352,0.436315772206741,0.623000625324965,0.530527092278678,0.0331571355145808
"PAN","Panama",1960,197044,300806,211380,379683,37091,1126004,497850,709230,591063,37091,0.442138749063058,0.629864547550453,0.524920870618577,0.0329403803183648
"PAN","Panama",1964,225086,342671,238946,421159,42206,1270068,567757,806703,660105,42206,0.447028820504099,0.63516520375287,0.519739887943008,0.0332312915528932
"PAN","Panama",1968,248592,390408,272908,469574,47970,1429452,639000,911908,742482,47970,0.447024454126476,0.637942372321701,0.519417231218677,0.0335583146548468
"PAN","Panama",1972,264628,441581,312083,526734,54695,1599721,706209,1018292,838817,54695,0.441457604169727,0.636543497272337,0.524352058890269,0.0341903369400039
"PAN","Panama",1976,274135,487665,356435,595598,63110,1776943,761800,1118235,952033,63110,0.428713807927435,0.629302684441763,0.535770140066395,0.0355160520061701
"PAN","Panama",1980,278782,520421,406852,677805,73683,1957543,799203,1206055,1084657,73683,0.408268426287443,0.616106517200388,0.554091021244489,0.0376405524680684
"PAN","Panama",1984,294413,539937,456999,773594,85837,2150780,834350,1291349,1230593,85837,0.387929030398274,0.600409618835957,0.572161262425725,0.0399097071760013
"PAN","Panama",1988,309674,558631,497981,887878,98690,2352854,868305,1366286,1385859,98690,0.369043298054193,0.580693064678046,0.589011897890817,0.0419448040549902
"PAN","Panama",1992,318200,586141,524432,1019955,112610,2561338,904341,1428773,1544387,112610,0.35307366696625,0.557822903498094,0.60296103052389,0.0439653025098601
"PAN","Panama",1996,327079,615062,543920,1165309,128851,2780221,942141,1486061,1709229,128851,0.338872701126997,0.534511824779397,0.614781702605656,0.0463455962673471
"PAN","Panama",2000,339516,635117,569760,1317086,148882,3010361,974633,1544393,1886846,148882,0.323759509241583,0.51302584640181,0.626783963783746,0.0494565269746718
"PAN","Panama",2004,350971,656073,601100,1467781,175202,3251127,1007044,1608144,2068881,175202,0.309752279747915,0.494642011831589,0.636358099822,0.0538896204300847
"PAN","Panama",2008,361924,679211,627447,1623470,208522,3500574,1041135,1668582,2250917,208522,0.297418366245079,0.476659542120806,0.64301368861221,0.0595679451427109
"PAN","Panama",2012,374951,703209,647786,1784075,249086,3759107,1078160,1725946,2431861,249086,0.2868127988908,0.45913723658305,0.646925187285172,0.0662620138240279
"PAN","Panama",2016,386584,727258,673064,1944084,297851,4028841,1113842,1786906,2617148,297851,0.276467103070089,0.44352854828473,0.649603198537743,0.0739296983921679
"PAN","Panama",2020,379843,753143,702055,2102161,355746,4292948,1132986,1835041,2804216,355746,0.263917941703463,0.427454746714845,0.653214527639282,0.0828675306572546
"PER","Peru",1952,1441217,1986346,1508507,2898668,281926,8116664,3427563,4936070,4407175,281926,0.422287161326377,0.60814024086743,0.542978617816384,0.0347342208572389
"PER","Peru",1956,1630132,2273693,1659482,3184626,325536,9073469,3903825,5563307,4844108,325536,0.430246138494549,0.613140023953352,0.533876073197583,0.0358777883078677
"PER","Peru",1960,1837823,2637698,1810507,3514994,373104,10174126,4475521,6286028,5325501,373104,0.439892429089241,0.617844520502302,0.523435723127471,0.0366718477832887
"PER","Peru",1964,2055916,3004286,2049473,3865061,453232,11427968,5060202,7109675,5914534,453232,0.442791054367671,0.622129410932897,0.517549051589924,0.0396598940424054
"PER","Peru",1968,2268930,3385226,2378600,4232971,538200,12803927,5654156,8032756,6611571,538200,0.441595457393657,0.627366588391202,0.516370563499776,0.0420339791065663
"PER","Peru",1972,2450217,3777491,2718330,4645853,618164,14210055,6227708,8946038,7364183,618164,0.438260654163548,0.62955688771085,0.518237473394719,0.0435018724417323
"PER","Peru",1976,2627189,4192392,3044179,5170541,682399,15716700,6819581,9863760,8214720,682399,0.433906672520313,0.627597396400008,0.522674607264884,0.0434187202148034
"PER","Peru",1980,2769855,4628052,3414941,5835702,712296,17360846,7397907,10812848,9250643,712296,0.426125950313712,0.622829555656447,0.532845173558938,0.04102887612735
"PER","Peru",1984,2913108,5040352,3847573,6657012,716591,19174636,7953460,11801033,10504585,716591,0.414790664083532,0.615450170735966,0.547837518271533,0.0373718176449347
"PER","Peru",1988,3077344,5377609,4293790,7552557,753345,21054645,8454953,12748743,11846347,753345,0.401571862171032,0.605507383287631,0.562647672283242,0.0357804655457264
"PER","Peru",1992,3180539,5700309,4718081,8527575,819795,22946299,8880848,13598929,13245656,819795,0.387027467915414,0.592641497437125,0.577245855638855,0.035726676445731
"PER","Peru",1996,3166547,5985427,5076247,9626382,956455,24811058,9151974,14228221,14702629,956455,0.368866736759069,0.57346288900699,0.592583718114721,0.0385495451262095
"PER","Peru",2000,3090467,6144027,5376277,10841928,1145405,26598104,9234494,14610771,16218205,1145405,0.347186175375508,0.54931625953489,0.609750416796626,0.0430634078278662
"PER","Peru",2004,2995648,6000617,5517001,11834272,1503900,27851438,8996265,14513266,17351273,1503900,0.323008995083126,0.521095750962661,0.622993792995536,0.0539972119213378
"PER","Peru",2008,2969758,5692882,5503979,12616867,1933725,28717211,8662640,14166619,18120846,1933725,0.301653248987167,0.49331458406598,0.631009954274459,0.0673367967383741
"PER","Peru",2012,2859621,5571947,5334091,13534931,2246898,29547488,8431568,13765659,18869022,2246898,0.285356508140387,0.465882548120504,0.638599870148014,0.0760436217115986
"PER","Peru",2016,2741734,5651550,5307629,14602189,2559254,30862356,8393284,13700913,19909818,2559254,0.271958628174725,0.443936068911913,0.645116594468679,0.0829247773565958
"PER","Peru",2020,2704137,5670912,5556667,16043970,2857947,32833633,8375049,13931716,21600637,2857947,0.255075306470046,0.424312350692353,0.657881416899555,0.0870432766303991
"PHL","Philippines",1952,4001242,5526760,3881340,6232539,686872,20328753,9528002,13409342,10113879,686872,0.4686958417961,0.659624424577346,0.497515956832178,0.0337882013717221
"PHL","Philippines",1956,4690187,6620841,4594926,7289851,630003,23825808,11311028,15905954,11884777,630003,0.474738485259346,0.66759347678786,0.498819473404638,0.0264420413360168
"PHL","Philippines",1960,5511445,7987398,5231925,8538647,622460,27891875,13498843,18730768,13770572,622460,0.483970439420082,0.671549259416945,0.493712667219396,0.0223168933605217
"PHL","Philippines",1964,6216472,9362399,5877413,9510130,676522,31642936,15578871,21456284,15387543,676522,0.492333296758556,0.678075005429332,0.486286828756978,0.0213798744844663
"PHL","Philippines",1968,6634342,10768518,6933989,10528806,772585,35638240,17402860,24336849,17462795,772585,0.488319849689547,0.682885827134,0.490001610629481,0.0216785396809719
"PHL","Philippines",1972,6914751,11997928,8164645,11434689,896456,39408469,18912679,27077324,19599334,896456,0.479914076337246,0.687094035548552,0.497338122929871,0.0227478007328831
"PHL","Philippines",1976,7186656,12841120,9441327,12666202,1066104,43201409,20027776,29469103,22107529,1066104,0.463590805568402,0.682132913766771,0.511731665974135,0.024677528457463
"PHL","Philippines",1980,7857372,13433704,10905553,14586332,1260724,48043685,21291076,32196629,25491885,1260724,0.443160760878355,0.670153194951636,0.530598038014778,0.0262412011068676
"PHL","Philippines",1984,8695593,14277834,12075330,17211703,1465682,53726142,22973427,35048757,29287033,1465682,0.427602395124519,0.652359460316358,0.545116993511278,0.0272806113642033
"PHL","Philippines",1988,9583084,15523548,12740636,20224297,1667439,59739004,25106632,37847268,32964933,1667439,0.420272021943988,0.633543672740175,0.551815912431349,0.0279120656246629
"PHL","Philippines",1992,10229922,17215398,13279642,23331786,1869322,65926070,27445320,40724962,36611428,1869322,0.416304505941276,0.617736837642529,0.555340671755498,0.0283548223032254
"PHL","Philippines",1996,10628397,18839013,14257039,26381239,2084472,72190160,29467410,43724449,40638278,2084472,0.408191504216087,0.605684334263839,0.562933757176878,0.0288747386070345
"PHL","Philippines",2000,11058198,20144562,16015613,30027431,2379496,79625300,31202760,47218373,46043044,2379496,0.391869920741272,0.593007159784641,0.578246411630474,0.0298836676282538
"PHL","Philippines",2004,11411797,21107060,17595799,33567544,2712181,86394381,32518857,50114656,51163343,2712181,0.376400138800694,0.580068465332254,0.592206835766321,0.031393025432985
"PHL","Philippines",2008,11740748,21888739,18882082,37143704,3043645,92698918,33629487,52511569,56025786,3043645,0.362781871952378,0.56647445442675,0.604384465415227,0.0328336626323945
"PHL","Philippines",2012,12314334,22596350,20154686,41672298,3437605,100175273,34910684,55065370,61826984,3437605,0.348496020569867,0.54969024142315,0.617188075943651,0.0343159034864821
"PHL","Philippines",2016,11902101,23248238,21017400,46364928,4202762,106735429,35150339,56167739,67382328,4202762,0.329322131641969,0.526233318460733,0.631302357907795,0.0393755104502367
"PHL","Philippines",2020,11146439,23242670,21499447,50896119,5296227,112080902,34389109,55888556,72395566,5296227,0.306823985053225,0.498644773576144,0.645922407012749,0.0472536079340261
"PLW","Palau",1952,1469,2035,1230,2553,551,7838,3504,4734,3783,551,0.447052819596836,0.60398060729778,0.482648634855831,0.0702985455473335
"PLW","Palau",1956,1639,2247,1522,2723,483,8614,3886,5408,4245,483,0.451126073833295,0.627815184583237,0.492802414673787,0.0560715114929185
"PLW","Palau",1960,1684,2704,1602,2899,460,9349,4388,5990,4501,460,0.469355011231148,0.640710236388919,0.481441865440154,0.0492031233286983
"PLW","Palau",1964,1950,3214,1647,3023,479,10313,5164,6811,4670,479,0.500727237467274,0.660428585280714,0.452826529622806,0.0464462329099195
"PLW","Palau",1968,1894,3474,2138,3092,506,11104,5368,7506,5230,506,0.48342939481268,0.675972622478386,0.47100144092219,0.0455691642651297
"PLW","Palau",1972,1941,3672,2502,3557,544,12216,5613,8115,6059,544,0.459479371316307,0.664292730844794,0.495988867059594,0.0445317616240995
"PLW","Palau",1976,1738,3740,2654,3921,569,12622,5478,8132,6575,569,0.434004119790841,0.644271906195532,0.520915861194739,0.0450800190144193
"PLW","Palau",1980,1444,3480,2673,4065,634,12296,4924,7597,6738,634,0.400455432661028,0.617843201040989,0.547983083929733,0.0515614834092388
"PLW","Palau",1984,1493,3309,2956,4918,683,13359,4802,7758,7874,683,0.359458043266712,0.580732090725354,0.58941537540235,0.0511265813309379
"PLW","Palau",1988,1551,3140,2926,6224,823,14664,4691,7617,9150,823,0.319899072558647,0.51943535188216,0.623977086743044,0.0561238406983088
"PLW","Palau",1992,1589,3027,2943,7520,938,16017,4616,7559,10463,938,0.288193794093775,0.471936067927827,0.65324342885684,0.058562777049385
"PLW","Palau",1996,1756,3111,2788,9057,971,17683,4867,7655,11845,971,0.2752361024713,0.432901656958661,0.669852400610756,0.0549114969179438
"PLW","Palau",2000,1343,3289,2752,10815,1007,19206,4632,7384,13567,1007,0.24117463292721,0.3844631885869,0.706393835259815,0.0524315318129751
"PLW","Palau",2004,1357,3446,2726,11214,1098,19841,4803,7529,13940,1098,0.242074492213094,0.379466760747946,0.70258555516355,0.0553399526233557
"PLW","Palau",2008,1292,2880,2831,10912,1116,19031,4172,7003,13743,1116,0.219221270558562,0.36797856129473,0.722137565025485,0.0586411644159529
"PLW","Palau",2012,1190,2416,2621,10375,1189,17791,3606,6227,12996,1189,0.202686751728402,0.350008431229273,0.730481704232477,0.0668315440391209
"PLW","Palau",2016,1176,2413,2365,10466,1404,17824,3589,5954,12831,1404,0.201357719928187,0.334043985637343,0.719872082585278,0.078770197486535
"PLW","Palau",2020,1038,2391,2022,10666,1700,17817,3429,5451,12688,1700,0.192456642532413,0.305943761576023,0.712128865690071,0.0954144917775159
"PNG","Papua New Guinea",1952,274450,396494,358482,562419,17700,1609545,670944,1029426,920901,17700,0.416853210068684,0.639575780733064,0.572149893292825,0.010996896638491
"PNG","Papua New Guinea",1956,320218,435914,358221,653304,19789,1787446,756132,1114353,1011525,19789,0.423023688547794,0.623433099517412,0.565905207765717,0.011071103686489
"PNG","Papua New Guinea",1960,358477,507718,362382,744319,22219,1995115,866195,1228577,1106701,22219,0.434157930745847,0.615792573360433,0.554705367861,0.0111367013931528
"PNG","Papua New Guinea",1964,396860,574952,385571,807525,23424,2188332,971812,1357383,1193096,23424,0.444088008583707,0.620282023020273,0.545207948336907,0.0107040430793865
"PNG","Papua New Guinea",1968,438729,645266,421019,860847,24950,2390811,1083995,1505014,1281866,24950,0.45340054065336,0.629499362350265,0.536163669984788,0.0104357893618525
"PNG","Papua New Guinea",1972,479839,729726,462544,928405,27919,2628433,1209565,1672109,1390949,27919,0.460184832559932,0.636161926136219,0.529193249361882,0.0106219180781857
"PNG","Papua New Guinea",1976,499576,801472,525371,1018762,32150,2877331,1301048,1826419,1544133,32150,0.452171821733405,0.634761520311706,0.536654628890454,0.0111735493761406
"PNG","Papua New Guinea",1980,517588,845680,612952,1113651,41639,3131510,1363268,1976220,1726603,41639,0.43533886208251,0.631075743012157,0.551364357769894,0.0132967801475965
"PNG","Papua New Guinea",1984,553067,902782,689166,1203325,56852,3405192,1455849,2145015,1892491,56852,0.427538006667465,0.629924832432356,0.555766312149212,0.0166956811833224
"PNG","Papua New Guinea",1988,601793,970223,749621,1315809,74433,3711879,1572016,2321637,2065430,74433,0.423509494786872,0.625461390309328,0.55643785802285,0.0200526471902775
"PNG","Papua New Guinea",1992,659605,1078356,830291,1503457,94975,4166684,1737961,2568252,2333748,94975,0.417108904826956,0.61637791586787,0.56009718999569,0.0227939051773545
"PNG","Papua New Guinea",1996,732040,1230977,964778,1768915,116633,4813343,1963017,2927795,2733693,116633,0.407828197574949,0.608266437692057,0.567940618401805,0.0242311840232454
"PNG","Papua New Guinea",2000,831477,1382157,1107069,2077109,139235,5537047,2213634,3320703,3184178,139235,0.39978602312749,0.59972454631503,0.575067901717287,0.0251460751552226
"PNG","Papua New Guinea",2004,927158,1541663,1272030,2421907,165256,6328014,2468821,3740851,3693937,165256,0.390141519914463,0.591157194026436,0.583743493614268,0.0261149864712689
"PNG","Papua New Guinea",2008,1014363,1715840,1453111,2807492,192156,7182962,2730203,4183314,4260603,192156,0.380094312067918,0.582394004033434,0.593154049819559,0.0267516381125224
"PNG","Papua New Guinea",2012,1094784,1894470,1624181,3245291,222622,8081348,2989254,4613435,4869472,222622,0.36989546793431,0.570874438274407,0.602556900160716,0.0275476319049743
"PNG","Papua New Guinea",2016,1161356,2057152,1766624,3717765,258770,8961667,3218508,4985132,5484389,258770,0.359141664156903,0.556272845219533,0.611983127692649,0.0288752081504479
"PNG","Papua New Guinea",2020,1204790,2201184,1906273,4198170,305279,9815696,3405974,5312247,6104443,305279,0.34699261264815,0.541199218068693,0.621906281531131,0.0311011058207182
"POL","Poland",1952,3279885,4315256,4776556,11932101,1368515,25672313,7595141,12371697,16708657,1368515,0.295849501367485,0.481908155295551,0.650843459255113,0.0533070393774024
"POL","Poland",1956,3522481,5060499,4593122,12854594,1504775,27535471,8582980,13176102,17447716,1504775,0.311706307838351,0.478513768658615,0.633645090000458,0.0546486021611906
"POL","Poland",1960,3478416,6398999,4177817,13815968,1704725,29575925,9877415,14055232,17993785,1704725,0.33396808383846,0.47522544096254,0.608392975029521,0.0576389411320187
"POL","Poland",1964,2931882,6940526,4602558,14476598,2041513,30993077,9872408,14474966,19079156,2041513,0.318535910455099,0.467038687381701,0.615594121229073,0.0658699683158274
"POL","Poland",1968,2602922,6573569,5669757,14760289,2471783,32078320,9176491,14846248,20430046,2471783,0.286065199175019,0.462812516366194,0.636880173275907,0.0770546275490736
"POL","Poland",1972,2581924,5801238,6675580,15086199,2896988,33041929,8383162,15058742,21761779,2896988,0.253712850723697,0.455746454754503,0.658611033272301,0.0876761160040021
"POL","Poland",1976,2981588,5233486,6709333,16037781,3334334,34296522,8215074,14924407,22747114,3334334,0.239530818897613,0.435158031476195,0.663248419183729,0.0972207619186575
"POL","Poland",1980,3241649,5386818,6112483,17233439,3601941,35576330,8628467,14740950,23345922,3601941,0.242533926349345,0.414347123494751,0.656220638834866,0.101245434815789
"POL","Poland",1984,3412888,5919272,5375361,18707269,3490849,36905639,9332160,14707521,24082630,3490849,0.252865422544235,0.398516904151152,0.652546078391977,0.0945884990637881
"POL","Poland",1988,3175829,6462940,5185881,19320404,3672623,37817677,9638769,14824650,24506285,3672623,0.254874697882686,0.392003189407959,0.648011378382654,0.0971139237346599
"POL","Poland",1992,2718810,6559861,5572872,19385644,3996261,38233448,9278671,14851543,24958516,3996261,0.242684651407846,0.388443726027535,0.652792706532772,0.104522642059382
"POL","Poland",1996,2372378,6161618,6078713,19383390,4362625,38358724,8533996,14612709,25462103,4362625,0.222478620508857,0.380948777128249,0.663789103099467,0.113732276391676
"POL","Poland",2000,2016245,5421939,6443556,19691952,4682841,38256533,7438184,13881740,26135508,4682841,0.194429118812204,0.362859331764329,0.683164572179084,0.122406309008712
"POL","Poland",2004,1808604,4670456,6324861,20379076,4983666,38166663,6479060,12803921,26703937,4983666,0.169757046876223,0.335473944892693,0.699666538832593,0.130576414291184
"POL","Poland",2008,1855515,4003759,5769932,21233255,5133081,37995542,5859274,11629206,27003187,5133081,0.154209512263307,0.306067643409324,0.710693559786567,0.135096927950126
"POL","Poland",2012,2061493,3730943,5061546,22029769,5362172,38245923,5792436,10853982,27091315,5362172,0.151452378335856,0.283794484447401,0.70834517446474,0.140202447199405
"POL","Poland",2016,1935382,3855728,4363447,22019907,6084754,38259218,5791110,10154557,26383354,6084754,0.151365090629923,0.265414651182886,0.689594701073085,0.159040208296991
"POL","Poland",2020,1894593,4017636,3826941,21532029,6893983,38165182,5912229,9739170,25358970,6893983,0.154911589311955,0.255184686398194,0.664453008503929,0.180635402184116
"PRI","Puerto Rico",1952,381704,608488,404141,786319,82984,2263636,990192,1394333,1190460,82984,0.437434287138038,0.61597050055751,0.525906108579295,0.0366596042826674
"PRI","Puerto Rico",1956,357391,646508,395669,818413,96895,2314876,1003899,1399568,1214082,96895,0.433672905157771,0.604597395281648,0.524469561220558,0.0418575336216713
"PRI","Puerto Rico",1960,353558,646889,428150,818145,117155,2363897,1000447,1428597,1246295,117155,0.423219370387119,0.604339782993929,0.527220517645227,0.0495601119676534
"PRI","Puerto Rico",1964,353511,644638,488939,888252,143679,2519019,998149,1487088,1377191,143679,0.396245125582618,0.590344098238243,0.54671719427285,0.0570376801445325
"PRI","Puerto Rico",1968,341511,674584,506177,969502,173981,2665755,1016095,1522272,1475679,173981,0.381165936104406,0.571047226770652,0.553568876359605,0.0652651875359889
"PRI","Puerto Rico",1972,326953,680304,547768,1068729,200564,2824318,1007257,1555025,1616497,200564,0.356637248355178,0.550584247241281,0.572349501720415,0.0710132499244065
"PRI","Puerto Rico",1976,337225,678429,569621,1201653,227948,3014876,1015654,1585275,1771274,227948,0.336880853474571,0.525817645568176,0.587511393503414,0.0756077530220148
"PRI","Puerto Rico",1980,349968,675907,604070,1323812,259815,3213572,1025875,1629945,1927882,259815,0.319231994802046,0.507206622412692,0.599918719729945,0.0808492854680088
"PRI","Puerto Rico",1984,339092,670648,620371,1456769,280129,3367009,1009740,1630111,2077140,280129,0.299892278280218,0.484142157030171,0.616909547910326,0.0831981738094552
"PRI","Puerto Rico",1988,312793,668856,612688,1581056,309473,3484866,981649,1594337,2193744,309473,0.281689166814449,0.457503100549634,0.629505983874272,0.0888048493112791
"PRI","Puerto Rico",1992,317009,635753,618412,1681574,353471,3606219,952762,1571174,2299986,353471,0.264199706118791,0.435684577115256,0.637783229471089,0.0980170644101204
"PRI","Puerto Rico",1996,306675,618118,615622,1781798,397523,3719736,924793,1540415,2397420,397523,0.248617912669071,0.414119442885194,0.64451348160192,0.106868605729009
"PRI","Puerto Rico",2000,294553,607784,611114,1855826,440216,3809493,902337,1513451,2466940,440216,0.236865378148746,0.397284100535163,0.647576987278885,0.11555763457237
"PRI","Puerto Rico",2004,263504,581955,567788,1885631,499135,3798013,845459,1413247,2453419,499135,0.222605609828086,0.372101675270727,0.645974355538014,0.131420034633899
"PRI","Puerto Rico",2008,230507,535747,544809,1867805,568985,3747853,766254,1311063,2412614,568985,0.204451455273192,0.34981708193998,0.643732291527976,0.151816253198831
"PRI","Puerto Rico",2012,200634,469050,516383,1857732,600186,3643985,669684,1186067,2374115,600186,0.183777924442609,0.325486246513089,0.651516128633899,0.164705946923492
"PRI","Puerto Rico",2016,148843,399642,456341,1814144,654069,3473039,548485,1004826,2270485,654069,0.157926530626348,0.289321830247227,0.653745898044911,0.188327571328741
"PRI","Puerto Rico",2020,112173,326071,407736,1694279,732829,3273088,438244,845980,2102015,732829,0.133893130890462,0.258465400258105,0.642211575124164,0.223895293985374
"PRK","North Korea",1952,1368057,3112442,2220372,3287992,264776,10253639,4480499,6700871,5508364,264776,0.436966719815277,0.653511499673433,0.537210642972705,0.0258226372120181
"PRK","North Korea",1956,1289600,2892950,2624013,3479738,314085,10600386,4182550,6806563,6103751,314085,0.394565820527668,0.642105202584132,0.575804598058976,0.0296295814133561
"PRK","North Korea",1960,1809646,2583838,2918022,4026704,384740,11722950,4393484,7311506,6944726,384740,0.37477631483543,0.623691647580174,0.592404300965201,0.0328193841993696
"PRK","North Korea",1964,1914706,2800527,2910249,4819483,444808,12889773,4715233,7625482,7729732,444808,0.365811950295789,0.591591644011109,0.599679451298328,0.0345085984058835
"PRK","North Korea",1968,2287490,3347882,2569510,5660024,500692,14365598,5635372,8204882,8229534,500692,0.392282451451029,0.571147960565234,0.572864004686752,0.0348535438622186
"PRK","North Korea",1972,2511292,3912526,2544818,6456038,550378,15975052,6423818,8968636,9000856,550378,0.402115623786389,0.561415136551668,0.563432031394953,0.0344523448186585
"PRK","North Korea",1976,2167995,4434329,2929744,7110980,600386,17243434,6602324,9532068,10040724,600386,0.382889162332747,0.552794066425516,0.582292599026389,0.0348182386408647
"PRK","North Korea",1980,1761089,4639195,3569478,7605674,661318,18236754,6400284,9969762,11175152,661318,0.350955219333441,0.546685117318575,0.61278185799951,0.0362629226670492
"PRK","North Korea",1984,1844025,4137801,4091905,8509360,751906,19334997,5981826,10073731,12601265,751906,0.309378170578459,0.521010217896594,0.651733486175353,0.0388883432461872
"PRK","North Korea",1988,1949399,3647170,4603077,9426727,876719,20503092,5596569,10199646,14029804,876719,0.27296219516549,0.497468674480903,0.684277473856138,0.0427603309783715
"PRK","North Korea",1992,2063243,3665671,4405283,10580519,1036095,21750811,5728914,10134197,14985802,1036095,0.263388523765849,0.465922718927584,0.688976700684862,0.0476347755492887
"PRK","North Korea",1996,2137607,3882780,3828757,11808221,1238299,22895664,6020387,9849144,15636978,1238299,0.26294878366489,0.430175075944511,0.682966783579633,0.0540844327554772
"PRK","North Korea",2000,2034089,4020113,3544367,12556003,1511284,23665856,6054202,9598569,16100370,1511284,0.255820114852385,0.405587230818949,0.680320627320643,0.0638592578269723
"PRK","North Korea",2004,1844540,4046895,3700994,12756347,1906106,24254882,5891435,9592429,16457341,1906106,0.242896873297508,0.39548446370508,0.678516638423555,0.078586488278937
"PRK","North Korea",2008,1685441,3894488,3889332,13004450,2290810,24764521,5579929,9469261,16893782,2290810,0.225319480235455,0.382372063647021,0.682176812545658,0.0925037072188879
"PRK","North Korea",2012,1639343,3605582,3996088,13365527,2605063,25211603,5244925,9241013,17361615,2605063,0.20803615700279,0.3665380975577,0.688635903080022,0.103327939917188
"PRK","North Korea",2016,1663214,3367210,3950177,13894350,2823185,25698136,5030424,8980601,17844527,2823185,0.195750540039169,0.349465074042724,0.694389935519059,0.109859524441773
"PRK","North Korea",2020,1708500,3277947,3715786,14535915,2897885,26136033,4986447,8702233,18251701,2897885,0.1907882118147,0.33295921381795,0.698334785543009,0.110877002642291
"PRT","Portugal",1952,892827,1598523,1552492,3865769,613593,8523204,2491350,4043842,5418261,613593,0.292302049792543,0.474450922446535,0.635707065089607,0.0719908851178501
"PRT","Portugal",1956,902749,1640933,1480721,4021076,658419,8703898,2543682,4024403,5501797,658419,0.292246301599582,0.462367895395833,0.632107246661209,0.0756464517392093
"PRT","Portugal",1960,908091,1690554,1447470,4127840,699160,8873115,2598645,4046115,5575310,699160,0.29286727378153,0.455997132912173,0.628337398985587,0.0787953272328827
"PRT","Portugal",1964,939029,1645693,1388686,4184924,737338,8895670,2584722,3973408,5573610,737338,0.290559564372329,0.446667648417713,0.626553143270827,0.0828872923568433
"PRT","Portugal",1968,912093,1659295,1361544,4078700,797980,8809612,2571388,3932932,5440244,797980,0.291884364487335,0.446436460538784,0.617535028784469,0.0905806067281964
"PRT","Portugal",1972,807132,1677961,1413100,4047638,869660,8815491,2485093,3898193,5460738,869660,0.281900690500393,0.442198057941412,0.619447969489164,0.098651340010443
"PRT","Portugal",1976,855867,1680541,1507084,4286653,980004,9310149,2536408,4043492,5793737,980004,0.272434737618055,0.434310127582276,0.622303359484365,0.10526190289758
"PRT","Portugal",1980,816896,1710297,1608966,4528099,1099242,9763500,2527193,4136159,6137065,1099242,0.258840886977006,0.423634864546525,0.62857223331797,0.112586879705024
"PRT","Portugal",1984,726531,1674939,1628522,4753355,1173379,9956726,2401470,4029992,6381877,1173379,0.241190728759634,0.40475071825819,0.64096139634655,0.117847874893815
"PRT","Portugal",1988,622615,1568241,1604818,4925821,1282862,10004357,2190856,3795674,6530639,1282862,0.21899018597597,0.379402094507423,0.65277948397883,0.128230330045199
"PRT","Portugal",1992,550950,1348982,1626895,5022724,1410499,9960050,1899932,3526827,6649619,1410499,0.190755267292835,0.35409731878856,0.667629078167278,0.141615654539887
"PRT","Portugal",1996,548001,1202746,1584844,5199376,1532314,10067281,1750747,3335591,6784220,1532314,0.173904652110138,0.331329879438152,0.673888014052652,0.15220733383721
"PRT","Portugal",2000,549831,1135261,1491381,5447948,1658291,10282712,1685092,3176473,6939329,1658291,0.163876222537401,0.308913932433389,0.674853968486135,0.161269808976465
"PRT","Portugal",2004,561996,1116317,1326113,5690786,1785473,10480685,1678313,3004426,7016899,1785473,0.160133903461463,0.286663133182612,0.66950767053871,0.170358425999827
"PRT","Portugal",2008,527546,1109879,1199497,5836964,1889222,10563108,1637425,2836922,7036461,1889222,0.155013562296248,0.268568871964577,0.666135478308089,0.178850959395663
"PRT","Portugal",2012,489957,1081140,1129456,5794037,2017145,10511735,1571097,2700553,6923493,2017145,0.149461244980015,0.256908398090325,0.658644172441562,0.191894582578423
"PRT","Portugal",2016,431898,1025159,1101845,5611942,2173595,10344439,1457057,2558902,6713787,2173595,0.140854134284131,0.247369818701623,0.649023789496946,0.210122076218923
"PRT","Portugal",2020,433804,949387,1091222,5525124,2368543,10368080,1383191,2474413,6616346,2368543,0.133408596384287,0.238656819777625,0.638145731900217,0.228445671715496
"PRY","Paraguay",1952,296427,435613,277294,502092,61173,1572599,732040,1009334,779386,61173,0.465496925789728,0.641825411309558,0.495603774388767,0.0388992998215057
"PRY","Paraguay",1956,316441,487894,295935,550520,69610,1720400,804335,1100270,846455,69610,0.467527900488259,0.639543129504766,0.492010578935131,0.0404615205766101
"PRY","Paraguay",1960,341149,531118,342068,595424,73735,1883494,872267,1214335,937492,73735,0.463111111583047,0.644724644729423,0.497740900687764,0.0391479877291884
"PRY","Paraguay",1964,374421,578540,388133,650489,81506,2073089,952961,1341094,1038622,81506,0.45968166345005,0.6469061386173,0.501002127742707,0.0393162088072437
"PRY","Paraguay",1968,400105,645630,427553,717401,91653,2282342,1045735,1473288,1144954,91653,0.458185057278883,0.645515877988487,0.501657507945786,0.0401574347753317
"PRY","Paraguay",1972,408032,715863,478585,798328,99011,2499819,1123895,1602480,1276913,99011,0.449590550355846,0.641038411180969,0.510802182077982,0.0396072675661718
"PRY","Paraguay",1976,428264,766043,547029,904472,112935,2758743,1194307,1741336,1451501,112935,0.432917093038387,0.631206313890058,0.526145784511279,0.0409371224503334
"PRY","Paraguay",1980,473601,796999,626608,1024997,130899,3053104,1270600,1897208,1651605,130899,0.416166629109261,0.621403004941856,0.540959299126397,0.0428740717643421
"PRY","Paraguay",1984,553284,852965,702733,1168093,135752,3412827,1406249,2108982,1870826,135752,0.412048134874695,0.617957488029719,0.548174870862191,0.0397769942631138
"PRY","Paraguay",1988,620834,961600,757415,1336567,144075,3820491,1582434,2339849,2093982,144075,0.414196499873969,0.612447195923246,0.548092378702109,0.0377111214239217
"PRY","Paraguay",1992,663454,1102025,802293,1522982,162818,4253572,1765479,2567772,2325275,162818,0.415057979505225,0.60367427658448,0.546664074335641,0.038277946159134
"PRY","Paraguay",1996,681829,1229871,880618,1709705,185489,4687512,1911700,2792318,2590323,185489,0.407828289292913,0.595692981692634,0.552600825341887,0.0395708853652001
"PRY","Paraguay",2000,679697,1308889,1004731,1903886,203640,5100843,1988586,2993317,2908617,203640,0.389854382893181,0.586827902760387,0.570222804348222,0.039922812758597
"PRY","Paraguay",2004,641116,1328468,1118466,2069896,230193,5388139,1969584,3088050,3188362,230193,0.365540681114574,0.573119958486594,0.591737147092902,0.0427221717925243
"PRY","Paraguay",2008,616775,1279704,1185102,2266053,265867,5613501,1896479,3081581,3451155,265867,0.3378424623065,0.54895884048119,0.614795472558035,0.0473620651354654
"PRY","Paraguay",2012,627515,1225697,1222200,2514631,306846,5896889,1853212,3075412,3736831,306846,0.314269439360314,0.521531268436628,0.633695326467905,0.0520352341717811
"PRY","Paraguay",2016,661699,1205129,1229059,2798710,354366,6248963,1866828,3095887,4027769,354366,0.298742047280485,0.495424120770118,0.644549983733301,0.0567079689862142
"PRY","Paraguay",2020,683627,1240323,1193964,3079691,405939,6603544,1923950,3117914,4273655,405939,0.291351129030109,0.472157677756066,0.647175970963471,0.0614729000064208
"PSE","Palestine",1952,179168,262545,174880,301495,44222,962310,441713,616593,476375,44222,0.45901320780206,0.640742588147271,0.49503278569276,0.0459540065051802
"PSE","Palestine",1956,192911,277943,192245,303708,42948,1009755,470854,663099,495953,42948,0.466305192843809,0.656692960173507,0.491161717446311,0.0425330897098801
"PSE","Palestine",1960,210432,298965,206701,315023,41959,1073080,509397,716098,521724,41959,0.474705520557647,0.667329556044284,0.486193014500317,0.039101464942036
"PSE","Palestine",1964,227981,322674,218003,332812,39204,1140674,550655,768658,550815,39204,0.482745289188673,0.673862996789617,0.482885557135518,0.0343691536758092
"PSE","Palestine",1968,226836,323200,213300,324935,33482,1121753,550036,763336,538235,33482,0.490336107859752,0.680484919585684,0.479815966616537,0.0298479255237115
"PSE","Palestine",1972,236077,340380,221592,335805,30898,1164752,576457,798049,557397,30898,0.49491823152053,0.685166456035276,0.478554233004107,0.026527535475363
"PSE","Palestine",1976,266604,387561,252673,377939,31620,1316397,654165,906838,630612,31620,0.496935954730982,0.688878810875443,0.479043935833947,0.0240201094350716
"PSE","Palestine",1980,295135,434376,284903,422177,32466,1469057,729511,1014414,707080,32466,0.496584543690272,0.690520517583729,0.48131556501892,0.0220998912908076
"PSE","Palestine",1984,335014,499877,330251,487891,35579,1688612,834891,1165142,818142,35579,0.494424414844855,0.689999834183341,0.484505617631522,0.021069967523623
"PSE","Palestine",1988,391223,581719,388266,574905,41197,1977310,972942,1361208,963171,41197,0.492053345201309,0.688414057482135,0.487111783180179,0.020834871618512
"PSE","Palestine",1992,462638,677577,456247,679868,48366,2324696,1140215,1596462,1136115,48366,0.490479185235403,0.686740115696848,0.488715513770403,0.0208053009941945
"PSE","Palestine",1996,528511,806058,539835,813857,58567,2746828,1334569,1874404,1353692,58567,0.485858233569776,0.682388558730288,0.492820081927227,0.0213216845029976
"PSE","Palestine",2000,560321,935081,629435,954966,71994,3151797,1495402,2124837,1584401,71994,0.474460125445896,0.67416683244511,0.502697667394188,0.0228422071599154
"PSE","Palestine",2004,577093,1007047,724150,1078432,88453,3475175,1584140,2308290,1802582,88453,0.455844669692893,0.664222665045645,0.518702511384319,0.0254528189227881
"PSE","Palestine",2008,601965,1045654,840132,1234757,106526,3829034,1647619,2487751,2074889,106526,0.430296257489487,0.649707210748194,0.541883148595703,0.0278205939148098
"PSE","Palestine",2012,651131,1080282,924342,1432348,127209,4215312,1731413,2655755,2356690,127209,0.41074373616947,0.630025725260669,0.559078426460485,0.0301778373700452
"PSE","Palestine",2016,697106,1150120,962943,1670428,152137,4632734,1847226,2810169,2633371,152137,0.398733447679059,0.606589758876724,0.568426980698654,0.0328395716222861
"PSE","Palestine",2020,725304,1267425,983540,1912158,181251,5069678,1992729,2976269,2895698,181251,0.393068159358444,0.5870725911981,0.571179865861303,0.0357519747802523
"PYF","French Polynesia",1952,10829,18297,13153,23510,1849,67638,29126,42279,36663,1849,0.430615925958781,0.625077619089861,0.542047369821698,0.0273367042195216
"PYF","French Polynesia",1956,13681,19154,15340,26271,1897,76343,32835,48175,41611,1897,0.430098371821909,0.631033624562828,0.545053246532099,0.0248483816459924
"PYF","French Polynesia",1960,15521,21310,15687,29001,2170,83689,36831,52518,44688,2170,0.440093680173022,0.627537669227736,0.533976986222801,0.0259293336041774
"PYF","French Polynesia",1964,16638,25395,16225,32233,2343,92834,42033,58258,48458,2343,0.452775922614559,0.62755025098563,0.521985479457957,0.0252385979274835
"PYF","French Polynesia",1968,18851,29977,18116,36808,2617,106369,48828,66944,54924,2617,0.459043518318307,0.629356297417481,0.516353448843178,0.024603032838515
"PYF","French Polynesia",1972,20770,34155,22382,41563,3030,121900,54925,77307,63945,3030,0.450574241181296,0.634183757178015,0.524569319114028,0.024856439704676
"PYF","French Polynesia",1976,20950,38188,27989,47340,3668,138135,59138,87127,75329,3668,0.428117421363159,0.630738046114309,0.5453288449705,0.0265537336663409
"PYF","French Polynesia",1980,22324,41488,32476,55682,4515,156485,63812,96288,88158,4515,0.407783493625587,0.615317762085823,0.563363900693357,0.0288526056810557
"PYF","French Polynesia",1984,24500,43568,37464,65771,5177,176480,68068,105532,103235,5177,0.385698096101541,0.59798277425204,0.584967135086129,0.02933476881233
"PYF","French Polynesia",1988,27557,45056,40676,76025,5894,195208,72613,113289,116701,5894,0.371977582885947,0.58035019056596,0.597828982418753,0.0301934346952994
"PYF","French Polynesia",1992,28314,48436,40983,86867,6969,211569,76750,117733,127850,6969,0.362765811626467,0.556475665149431,0.604294580018812,0.0329396083547212
"PYF","French Polynesia",1996,26078,52172,40788,98299,8163,225500,78250,119038,139087,8163,0.347006651884701,0.527884700665188,0.616793791574279,0.03619955654102
"PYF","French Polynesia",2000,24423,52671,42856,110252,10142,240344,77094,119950,153108,10142,0.320765236494358,0.499076323935692,0.637036913756948,0.0421978497486935
"PYF","French Polynesia",2004,24565,50105,47304,121136,12549,255659,74670,121974,168440,12549,0.29206873217841,0.477096444873836,0.658846353932387,0.049084913889204
"PYF","French Polynesia",2008,22901,49087,49632,131227,15540,268387,71988,121620,180859,15540,0.268224615946376,0.453151605703704,0.673873920868,0.0579014631856237
"PYF","French Polynesia",2012,23009,45980,47009,139029,18058,273085,68989,115998,186038,18058,0.252628302543164,0.424768844865152,0.681245765970302,0.0661259314865335
"PYF","French Polynesia",2016,21107,45115,43986,147870,21089,279167,66222,110208,191856,21089,0.237212851089133,0.394774454000652,0.687244552543818,0.0755425963670491
"PYF","French Polynesia",2020,16823,42668,41545,152468,25706,279210,59491,101036,194013,25706,0.213069016152717,0.361863830092045,0.694864080799398,0.0920669030478851
"QAT","Qatar",1952,4842,6486,4634,9023,926,25911,11328,15962,13657,926,0.437188838717147,0.616031801165528,0.527073443711165,0.0357377175716877
"QAT","Qatar",1956,5572,7769,5208,9942,1058,29549,13341,18549,15150,1058,0.451487359978341,0.627736979254797,0.512707705844529,0.0358049341771295
"QAT","Qatar",1960,6528,9402,6518,12352,1225,36025,15930,22448,18870,1225,0.442192921582235,0.623122831367106,0.523802914642609,0.0340041637751561
"QAT","Qatar",1964,9503,11661,11003,23053,1662,56882,21164,32167,34056,1662,0.372068492669034,0.565504025878134,0.598713125417531,0.0292183819134348
"QAT","Qatar",1968,15934,15423,16417,41648,2340,91762,31357,47774,58065,2340,0.341720973823587,0.520629454458272,0.632778274231163,0.0255007519452497
"QAT","Qatar",1972,23342,31653,29347,59243,2933,146518,54995,84342,88590,2933,0.375346373824377,0.575642583163843,0.604635607911656,0.0200180182639676
"QAT","Qatar",1976,27797,44445,51496,82016,3313,209067,72242,123738,133512,3313,0.345544729679959,0.591858112471122,0.638608675687698,0.0158465946323427
"QAT","Qatar",1980,33281,49476,66662,122931,3573,275923,82757,149419,189593,3573,0.299927878429852,0.541524265827785,0.687122856739018,0.0129492648311304
"QAT","Qatar",1984,39854,56182,65198,183016,3644,347894,96036,161234,248214,3644,0.276049601315343,0.463457259969991,0.713475943821969,0.0104744548626881
"QAT","Qatar",1988,43506,68521,67745,227280,4221,411273,112027,179772,295025,4221,0.272390845010492,0.437111115974061,0.717345899195911,0.010263255793597
"QAT","Qatar",1992,48297,76459,77039,262446,5416,469657,124756,201795,339485,5416,0.265632152826424,0.429664627589922,0.722836027143213,0.0115318200303626
"QAT","Qatar",1996,49909,87294,74139,311209,6473,529024,137203,211342,385348,6473,0.259351182555045,0.399494162835713,0.728413077667554,0.0122357397774014
"QAT","Qatar",2000,53820,97595,101478,384073,8027,644993,151415,252893,485551,8027,0.234754485707597,0.392086425744155,0.752800417989032,0.0124450963033707
"QAT","Qatar",2004,60684,111025,106797,485884,8951,773341,171709,278506,592681,8951,0.222035298787986,0.360133498676522,0.766390246993241,0.0115744542187728
"QAT","Qatar",2008,78341,129606,248827,955998,14169,1426941,207947,456774,1204825,14169,0.145729220759653,0.320107138276915,0.844341146550558,0.00992963268978886
"QAT","Qatar",2012,107497,168939,290921,1320115,19645,1907117,276436,567357,1611036,19645,0.144949680591175,0.297494595245074,0.844749430685165,0.0103008887236598
"QAT","Qatar",2016,136737,219437,369915,1845048,28234,2599371,356174,726089,2214963,28234,0.137023149061831,0.279332576996512,0.852114992434708,0.010861858503461
"QAT","Qatar",2020,156543,275095,306505,2030250,34968,2803361,431638,738143,2336755,34968,0.153971607652386,0.263306438236103,0.833554793692286,0.0124735986553284
"REU","Reunion",1952,50410,61580,47298,98870,10040,268198,111990,159288,146168,10040,0.417564635083036,0.593919417743607,0.545000335572972,0.0374350293439921
"REU","Reunion",1956,59005,79373,51473,110567,11177,311595,138378,189851,162040,11177,0.444095701150532,0.609287697171007,0.520034018517627,0.035870280331841
"REU","Reunion",1960,63465,100721,58388,124836,12153,359563,164186,222574,183224,12153,0.456626516076459,0.619012523535514,0.50957412192022,0.0337993620033207
"REU","Reunion",1964,69583,116559,71232,136630,13172,407176,186142,257374,207862,13172,0.457153663280743,0.63209521189854,0.510496689392302,0.0323496473269544
"REU","Reunion",1968,74688,124501,89113,147308,14779,450389,199189,288302,236421,14779,0.442259913097345,0.640117764865483,0.524926230436356,0.0328138564662991
"REU","Reunion",1972,69044,133307,105345,161440,16902,486038,202351,307696,266785,16902,0.416327529946218,0.633069842275707,0.548897411313519,0.0347750587402631
"REU","Reunion",1976,67351,138350,110053,184298,19883,519935,205701,315754,294351,19883,0.395628299691308,0.607295142662064,0.566130381682326,0.0382413186263668
"REU","Reunion",1980,68149,135065,115163,210766,23992,553135,203214,318377,325929,23992,0.367385900367903,0.57558643007584,0.589239516573712,0.0433745830583854
"REU","Reunion",1984,64410,134376,123868,238944,28084,589682,198786,322654,362812,28084,0.337107118752141,0.547166099694412,0.615267211819252,0.0476256694286073
"REU","Reunion",1988,63937,143418,113687,276186,34021,631249,207355,321042,389873,34021,0.328483688687032,0.508582191813373,0.617621572469818,0.0538947388431506
"REU","Reunion",1992,64958,147898,111637,311189,40719,676401,212856,324493,422826,40719,0.314689067579735,0.479734654443148,0.625111435376352,0.0601994970439133
"REU","Reunion",1996,63383,144110,132070,334668,47169,721400,207493,339563,466738,47169,0.287625450512892,0.47070002772387,0.646989187690602,0.0653853617965068
"REU","Reunion",2000,65213,136790,146753,360260,54054,763070,202003,348756,507013,54054,0.264724075117617,0.457043259465056,0.664438387041818,0.0708375378405651
"REU","Reunion",2004,74190,133916,137725,391517,59581,796929,208106,345831,529242,59581,0.261134931719137,0.433954593194626,0.664101820864845,0.0747632474160182
"REU","Reunion",2008,77124,148914,129999,407607,66767,830411,226038,356037,537606,66767,0.272200151491249,0.428747933252329,0.647397493530312,0.0804023549784384
"REU","Reunion",2012,68437,143559,128799,426582,77544,844921,211996,340795,555381,77544,0.250906297748547,0.403345401522746,0.657317074614076,0.0917766276373767
"REU","Reunion",2016,65797,141612,123139,439569,92548,862665,207409,330548,562708,92548,0.240428207937032,0.383170755739482,0.652290286495917,0.107281505567051
"REU","Reunion",2020,57865,131837,116747,441561,113183,861193,189702,306449,558308,113183,0.220278149032795,0.355842418598386,0.648296026558507,0.131425824408698
"ROU","Romania",1952,1791379,2924588,3236182,7710793,1183098,16846040,4715967,7952149,10946975,1183098,0.279945138442032,0.472048564529112,0.649824825300189,0.0702300362577793
"ROU","Romania",1956,1931385,3015641,3148158,8415390,1180903,17691477,4947026,8095184,11563548,1180903,0.279627642169164,0.457575362418864,0.653622532477079,0.0667498253537565
"ROU","Romania",1960,1784104,3363331,2883390,9022920,1259736,18313481,5147435,8030825,11906310,1259736,0.281073543582457,0.438519853216327,0.650139096985439,0.0687873594321036
"ROU","Romania",1964,1434187,3540358,2744601,9531385,1404860,18655391,4974545,7719146,12275986,1404860,0.266654555779614,0.413775621213193,0.658039598312359,0.0753058459080273
"ROU","Romania",1968,1633922,3219513,3015411,9867464,1624722,19361032,4853435,7868846,12882875,1624722,0.250680593885698,0.406426992114883,0.665402288473052,0.0839171176412497
"ROU","Romania",1972,2257823,2854523,3414839,10173851,1854525,20555561,5112346,8527185,13588690,1854525,0.248708658450139,0.414835917151568,0.661071230310863,0.0902201112389976
"ROU","Romania",1976,1999225,3515828,3132016,10725736,2124865,21497670,5515053,8647069,13857752,2124865,0.256541895005366,0.402232846629425,0.644616463086465,0.0988416419081696
"ROU","Romania",1980,1985988,3952066,2879442,10987075,2350166,22154737,5938054,8817496,13866517,2350166,0.26802638189747,0.397995968085742,0.62589400181099,0.106079616291541
"ROU","Romania",1984,1716121,3939521,3185402,11494434,2198496,22533974,5655642,8841044,14679836,2198496,0.250982893652047,0.392342868594772,0.651453489739537,0.0975636166084154
"ROU","Romania",1988,1684093,3763669,3610091,11423794,2333749,22815396,5447762,9057853,15033885,2333749,0.23877569339581,0.397006170745404,0.658935965871467,0.102288340732723
"ROU","Romania",1992,1590573,3493138,3998185,11296195,2534284,22912375,5083711,9081896,15294380,2534284,0.221876213181741,0.396375146618367,0.667516134839797,0.110607651978461
"ROU","Romania",1996,1237453,3268685,3701818,11552156,2781717,22541829,4506138,8207956,15253974,2781717,0.199901170397486,0.364121119009465,0.676696376323323,0.12340245327919
"ROU","Romania",2000,1137249,2968888,3436438,11530182,2973385,22046142,4106137,7542575,14966620,2973385,0.186251952836011,0.342126753969016,0.678877057037916,0.134870990126073
"ROU","Romania",2004,1076531,2426046,3214945,11538636,3146963,21403121,3502577,6717522,14753581,3146963,0.163647955828498,0.31385712392132,0.689319141820485,0.147032902351017
"ROU","Romania",2008,1054615,2198305,2830861,11441116,3193656,20718553,3252920,6083781,14271977,3193656,0.157005173092928,0.293639280696871,0.6888500852352,0.154144741671873
"ROU","Romania",2012,1041165,2133018,2460934,11244290,3278912,20158319,3174183,5635117,13705224,3278912,0.15746268327235,0.279543001576669,0.679879309380906,0.162658007346744
"ROU","Romania",2016,992639,2114437,2118176,11076141,3475149,19776542,3107076,5225252,13194317,3475149,0.157109164989511,0.264214643793642,0.667170074525668,0.175720760484821
"ROU","Romania",2020,1012821,2109090,2019948,10562808,3687058,19391725,3121911,5141859,12582756,3687058,0.160991917944381,0.265157380274318,0.648872444302918,0.190135637752701
"RUS","Russia",1952,12544240,18572128,22563286,47152781,5493401,106325836,31116368,53679654,69716067,5493401,0.292651054255525,0.504859928869969,0.655683224536321,0.0516657212081549
"RUS","Russia",1956,13154298,17811770,22471558,53264942,6205940,112908508,30966068,53437626,75736500,6205940,0.274258056797633,0.473282544837099,0.670777617573336,0.0549643256290305
"RUS","Russia",1960,13271495,23321996,19216913,56946011,7177113,119933528,36593491,55810404,76162924,7177113,0.305114771575802,0.465344469813312,0.635042804710956,0.0598424237132422
"RUS","Russia",1964,12289070,25618040,17221601,62429240,8071554,125629505,37907110,55128711,79650841,8071554,0.301737318793065,0.438819774065018,0.634013809096836,0.0642488721100987
"RUS","Russia",1968,9805937,25821687,19640325,64478076,9318333,129064358,35627624,55267949,84118401,9318333,0.276045412940418,0.428220074515073,0.651755467609423,0.0721991194501583
"RUS","Russia",1972,9558497,23140779,24175048,64119776,10731525,131725625,32699276,56874324,88294824,10731525,0.248237774540831,0.431763553978203,0.670293452773521,0.0814687726856487
"RUS","Russia",1976,10337730,20098784,25325331,66891386,12426585,135079816,30436514,55761845,92216717,12426585,0.225322441955355,0.412806640186717,0.682683170074795,0.0919943879698504
"RUS","Russia",1980,10703883,19329343,24463828,69973019,14101474,138571547,30033226,54497054,94436847,14101474,0.216734435388818,0.393277373168101,0.681502437148948,0.101763127462234
"RUS","Russia",1984,11268023,20678952,21924662,74721611,13869476,142462724,31946975,53871637,96646273,13869476,0.224247958364182,0.378145492992258,0.678396918761711,0.0973551228741071
"RUS","Russia",1988,12226650,21722809,20176584,79229413,14007177,147362633,33949459,54126043,99405997,14007177,0.230380377364729,0.36729828924813,0.674567188277642,0.0950524343576299
"RUS","Russia",1992,10243415,23118418,20168260,79293229,16090723,148914045,33361833,53530093,99461489,16090723,0.224034160108941,0.359469739741473,0.667912076392794,0.108053763498265
"RUS","Russia",1996,7361874,23343443,21507070,77925566,17943922,148081875,30705317,52212387,99432636,17943922,0.207353648108521,0.352591341783051,0.671470671208073,0.121175680683406
"RUS","Russia",2000,6381100,20050957,23103809,79092058,18085870,146713794,26432057,49535866,102195867,18085870,0.180160680733265,0.337636050772431,0.696566179728131,0.123273139538604
"RUS","Russia",2004,6832882,15787746,24424444,78589002,19540921,145174995,22620628,47045072,103013446,19540921,0.155816282273679,0.324057679492257,0.709581191995219,0.134602525731101
"RUS","Russia",2008,7599032,13801533,22742752,80249204,19413836,143806357,21400565,44143317,102991956,19413836,0.1488151528656,0.306963599668963,0.716185001473892,0.134999845660509
"RUS","Russia",2012,8595588,14074405,18799391,84477930,18337004,144284318,22669993,41469384,103277321,18337004,0.157120283855103,0.287414353651379,0.715790339737407,0.12708937640749
"RUS","Russia",2016,9507960,15571927,14904231,85572830,20213946,145770894,25079887,39984118,100477061,20213946,0.172050032155253,0.274294249714899,0.689280680407983,0.138669287436764
"RUS","Russia",2020,8410048,17451633,14277670,83585171,22636852,146361374,25861681,40139351,97862841,22636852,0.1766974461445,0.27424825213789,0.668638441451089,0.154664112404411
"RWA","Rwanda",1952,475698,543892,466538,762721,67666,2316515,1019590,1486128,1229259,67666,0.440139606261993,0.641536100564857,0.530650136088046,0.0292102576499613
"RWA","Rwanda",1956,568320,673998,467949,863997,82549,2656813,1242318,1710267,1331946,82549,0.467597079658975,0.643728783320467,0.501332235275874,0.0310706850651514
"RWA","Rwanda",1960,630997,856444,480386,961122,93350,3022299,1487441,1967827,1441508,93350,0.492155475020837,0.651102687060413,0.476957442000279,0.0308870829788846
"RWA","Rwanda",1964,669606,1024640,539701,998084,102804,3334835,1694246,2233947,1537785,102804,0.508044925760945,0.669882318015734,0.461127761943245,0.0308273122958107
"RWA","Rwanda",1968,702600,1139509,714719,1076402,110779,3744009,1842109,2556828,1791121,110779,0.492015110006413,0.68291181992351,0.478396552999739,0.029588336993848
"RWA","Rwanda",1972,786808,1217682,896823,1200894,118127,4220334,2004490,2901313,2097717,118127,0.474960038707837,0.687460518527681,0.497049996516863,0.0279899647752998
"RWA","Rwanda",1976,904207,1300253,1032594,1382352,126556,4745962,2204460,3237054,2414946,126556,0.464491708951736,0.682064879575521,0.508842253688504,0.0266660373597597
"RWA","Rwanda",1980,1064787,1439200,1109780,1605689,133806,5353262,2503987,3613767,2715469,133806,0.467749757064011,0.675058870647467,0.50725501572686,0.0249952272091297
"RWA","Rwanda",1984,1256954,1678126,1176568,1855317,140662,6107627,2935080,4111648,3031885,140662,0.480559798429079,0.673198936346309,0.496409653045283,0.0230305485256385
"RWA","Rwanda",1988,1390816,2014574,1286813,2118211,157658,6968072,3405390,4692203,3405024,157658,0.488713377244093,0.673386124598024,0.488660851954457,0.0226257708014498
"RWA","Rwanda",1992,1404075,2338782,1454508,2307861,178038,7683264,3742857,5197365,3762369,178038,0.487144135617363,0.676452741959667,0.489683681310443,0.0231721830721943
"RWA","Rwanda",1996,1178054,2272323,1403748,1731566,123072,6708763,3450377,4854125,3135314,123072,0.514308971713563,0.723549930143605,0.467346066629571,0.0183449616568658
"RWA","Rwanda",2000,1374080,2439607,1895920,2328191,176132,8213930,3813687,5709607,4224111,176132,0.464295045124563,0.695112692706171,0.514261869774882,0.0214430851005548
"RWA","Rwanda",2004,1504309,2316072,2069033,2701985,225444,8816843,3820381,5889414,4771018,225444,0.433304868874267,0.667973105566244,0.541125434580155,0.0255696965455776
"RWA","Rwanda",2008,1632863,2560052,2138163,3209617,263564,9804259,4192915,6331078,5347780,263564,0.427662610708265,0.645747730654606,0.545454786537157,0.0268826027545784
"RWA","Rwanda",2012,1662664,2875855,2211087,3777708,302579,10829893,4538519,6749606,5988795,302579,0.419073300170186,0.623238475209312,0.552987457955494,0.0279392418743195
"RWA","Rwanda",2016,1730820,3138250,2324104,4362865,363132,11919171,4869070,7193174,6686969,363132,0.408507437304155,0.603496165966576,0.561026349903026,0.0304662127928192
"RWA","Rwanda",2020,1831996,3284138,2596155,4899416,454116,13065821,5116134,7712289,7495571,454116,0.391566209272268,0.590264400530208,0.573677765828875,0.0347560248988563
"SAU","Saudi Arabia",1952,322822,443759,339561,659043,61334,1826519,766581,1106142,998604,61334,0.419695059290377,0.605601146224047,0.546725218845246,0.033579721864377
"SAU","Saudi Arabia",1956,388780,504304,384794,757589,70766,2106233,893084,1277878,1142383,70766,0.424019564786992,0.606712552694787,0.542382063143062,0.0335983720699467
"SAU","Saudi Arabia",1960,459401,596436,428511,871309,79751,2435408,1055837,1484348,1299820,79751,0.433535982471931,0.609486377641857,0.533717553691209,0.0327464638368602
"SAU","Saudi Arabia",1964,538506,719961,477991,997137,88373,2821968,1258467,1736458,1475128,88373,0.44595367488221,0.615335822376441,0.522730236487444,0.0313160886303459
"SAU","Saudi Arabia",1968,628159,862410,557471,1137661,97005,3282706,1490569,2048040,1695132,97005,0.454067162883304,0.623887731645782,0.516382521005536,0.0295503161111595
"SAU","Saudi Arabia",1972,740722,1030176,687981,1340660,106185,3905724,1770898,2458879,2028641,106185,0.453410942503874,0.629557797734812,0.519402036600641,0.0271870208954857
"SAU","Saudi Arabia",1976,911238,1235328,877454,1666848,117063,4807931,2146566,3024020,2544302,117063,0.446463561977075,0.628964933148999,0.529188542847225,0.0243478951757003
"SAU","Saudi Arabia",1980,1155178,1509778,1098277,2151830,132928,6047991,2664956,3763233,3250107,132928,0.440634914965978,0.622228604506852,0.537386216348536,0.0219788686854858
"SAU","Saudi Arabia",1984,1457459,1896872,1361564,2825136,156272,7697303,3354331,4715895,4186700,156272,0.435780038800603,0.612668489209792,0.54391778522945,0.0203021759699469
"SAU","Saudi Arabia",1988,1754278,2413258,1643307,3629456,188864,9629163,4167536,5810843,5272763,188864,0.432803557276993,0.603462938575243,0.547582692285923,0.0196137504370837
"SAU","Saudi Arabia",1992,1949393,3011329,1978258,4515430,232261,11686671,4960722,6938980,6493688,232261,0.424476910490592,0.593751633805726,0.555649080905931,0.0198740086034766
"SAU","Saudi Arabia",1996,2075081,3554891,2432406,5480431,288178,13830987,5629972,8062378,7912837,288178,0.407054970118908,0.58292137791757,0.572109351270448,0.0208356786106443
"SAU","Saudi Arabia",2000,2156689,4037411,3089984,6533143,360487,16177714,6194100,9284084,9623127,360487,0.382878569864692,0.573881081097119,0.594838492014385,0.0222829381209236
"SAU","Saudi Arabia",2004,2212889,4565494,4575963,7866469,448646,19669461,6778383,11354346,12442432,448646,0.344614577898195,0.577257607618226,0.632576154476221,0.0228092676255847
"SAU","Saudi Arabia",2008,2406249,4463422,5743749,10122059,552358,23287837,6869671,12613420,15865808,552358,0.294989654900109,0.541631238659048,0.681291611582475,0.0237187335174151
"SAU","Saudi Arabia",2012,2651839,4463308,5803815,13503014,640342,27062318,7115147,12918962,19306829,640342,0.262917130749849,0.477378249712386,0.71342111196831,0.0236617572818411
"SAU","Saudi Arabia",2016,2834049,4819448,4972245,17412079,679793,30717614,7653497,12625742,22384324,679793,0.249156623948722,0.411026129828964,0.728712978814045,0.0221303972372333
"SAU","Saudi Arabia",2020,2757858,5142092,4538170,17771307,781538,30990965,7899950,12438120,22309477,781538,0.25491139111028,0.40134665054799,0.719870355763365,0.0252182531263547
"SDN","Sudan",1952,1230398,1753905,1270377,2115222,198702,6568604,2984303,4254680,3385599,198702,0.454328347393145,0.647729715476835,0.51542138938502,0.0302502632218353
"SDN","Sudan",1956,1414439,1985294,1406245,2374855,220759,7401592,3399733,4805978,3781100,220759,0.459324561526763,0.649316795629913,0.510849557770815,0.0298258807024219
"SDN","Sudan",1960,1603850,2283339,1566661,2668035,242604,8364489,3887189,5453850,4234696,242604,0.464725221110339,0.652024289828105,0.506270735725757,0.029004043163904
"SDN","Sudan",1964,1839084,2629045,1775182,3023226,264561,9531098,4468129,6243311,4798408,264561,0.468794781042016,0.655046354575307,0.503447556619395,0.0277576623385889
"SDN","Sudan",1968,2146820,3018971,2039941,3421803,290459,10917994,5165791,7205732,5461744,290459,0.473144700390933,0.659986807100279,0.500251602995935,0.0266036966131324
"SDN","Sudan",1972,2477201,3497863,2350163,3878370,324249,12527846,5975064,8325227,6228533,324249,0.476942644409901,0.664537782472741,0.497175092988851,0.0258822626012484
"SDN","Sudan",1976,2801227,4167735,2784963,4449465,366319,14569709,6968962,9753925,7234428,366319,0.478318544316843,0.66946601335689,0.496538949405235,0.0251425062779222
"SDN","Sudan",1980,3155398,4834071,3362360,5287090,419972,17058891,7989469,11351829,8649450,419972,0.468346330368135,0.665449412860426,0.507034718728199,0.0246189509036666
"SDN","Sudan",1984,3611381,5420287,3852566,6176518,485761,19546513,9031668,12884234,10029084,485761,0.462060317356861,0.659157671754548,0.513088140068768,0.0248515425743712
"SDN","Sudan",1988,3872850,5853172,4130749,6700935,580703,21138409,9726022,13856771,10831684,580703,0.460111354643578,0.65552573043695,0.51241718333674,0.0274714620196818
"SDN","Sudan",1992,4195190,6417978,4382843,7253460,677857,22927328,10613168,14996011,11636303,677857,0.4629047048134,0.65406710280413,0.507529835138225,0.0295654600483755
"SDN","Sudan",1996,4604760,7058608,4807364,8003312,757458,25231502,11663368,16470732,12810676,757458,0.462254209043917,0.652784443827403,0.507725461607478,0.0300203293486056
"SDN","Sudan",2000,4948879,7803321,5369777,8884129,810605,27816711,12752200,18121977,14253906,810605,0.458436657015274,0.651478062952877,0.512422406804313,0.0291409361804133
"SDN","Sudan",2004,5362906,8537281,5990767,9820152,845506,30556612,13900187,19890954,15810919,845506,0.45489948296624,0.6509541699191,0.517430368262031,0.027670148771729
"SDN","Sudan",2008,5768793,9334026,6634147,11004914,882079,33623959,15102819,21736966,17639061,882079,0.449168374253609,0.646472534658991,0.524597980862396,0.0262336448839948
"SDN","Sudan",2012,6173023,10274150,7381518,12135518,958958,36923167,16447173,23828691,19517036,958958,0.445443182054237,0.645358806843411,0.528585102139261,0.0259717158065016
"SDN","Sudan",2016,6549247,11241829,8503393,13842751,1122596,41259816,17791076,26294469,22346144,1122596,0.431196203104735,0.637290020876487,0.541595822918842,0.027207973976423
"SDN","Sudan",2020,7275621,12111013,9687836,16315815,1398722,46789007,19386634,29074470,26003651,1398722,0.414341642257977,0.621395320486284,0.555764113566249,0.029894244175774
"SEN","Senegal",1952,497844,654912,496765,950459,87028,2687008,1152756,1649521,1447224,87028,0.429011004061022,0.613887640081459,0.538600554966714,0.0323884409722636
"SEN","Senegal",1956,557035,743565,543583,1055057,89690,2988930,1300600,1844183,1598640,89690,0.43513899622942,0.617004412950454,0.534853609820237,0.0300073939503434
"SEN","Senegal",1960,623263,852246,596075,1174957,94349,3340890,1475509,2071584,1771032,94349,0.441651476103673,0.620069502437973,0.530107845514219,0.0282406783821078
"SEN","Senegal",1964,696225,962606,672212,1307091,102395,3740529,1658831,2331043,1979303,102395,0.443474973726978,0.623185383671668,0.52915055597751,0.0273744702955117
"SEN","Senegal",1968,779435,1082349,774117,1458301,113377,4207579,1861784,2635901,2232418,113377,0.442483432871967,0.626465005172808,0.530570667835351,0.0269458992926811
"SEN","Senegal",1972,882284,1214237,882075,1636055,126967,4741618,2096521,2978596,2518130,126967,0.442153079391887,0.62818135075411,0.531069774072901,0.0267771465352122
"SEN","Senegal",1976,1005234,1374494,977871,1808264,142702,5308565,2379728,3357599,2786135,142702,0.448280844258288,0.632487122226063,0.524837691541876,0.0268814641998355
"SEN","Senegal",1980,1131035,1578545,1059632,1916214,160214,5845640,2709580,3769212,2975846,160214,0.463521530576635,0.644790305253146,0.509071034138264,0.0274074352851014
"SEN","Senegal",1984,1242474,1828142,1193389,2052283,183078,6499366,3070616,4264005,3245672,183078,0.472448543442545,0.656064760778205,0.499382862882318,0.0281685936751369
"SEN","Senegal",1988,1337572,2091948,1389117,2257696,213289,7289622,3429520,4818637,3646813,213289,0.470466095498505,0.66102700524115,0.500274637011357,0.0292592674901387
"SEN","Senegal",1992,1425903,2337251,1630115,2525527,249600,8168396,3763154,5393269,4155642,249600,0.460696812446409,0.660260472190623,0.508746392804658,0.0305567947489323
"SEN","Senegal",1996,1525382,2542909,1880635,2830632,287460,9067018,4068291,5948926,4711267,287460,0.448691179393269,0.656106120005497,0.519604902074751,0.0317039185319804
"SEN","Senegal",2000,1658596,2722060,2111532,3154195,321879,9968262,4380656,6492188,5265727,321879,0.439460359288309,0.651285851034012,0.528249257493433,0.0322903832182581
"SEN","Senegal",2004,1818998,2908932,2314562,3561785,371428,10975705,4727930,7042492,5876347,371428,0.430763217488079,0.641643703069643,0.535395858398162,0.0338409241137585
"SEN","Senegal",2008,1986606,3157306,2458432,4023058,423548,12048950,5143912,7602344,6481490,423548,0.426917864212234,0.630954896484756,0.537929861108229,0.0351522746795364
"SEN","Senegal",2012,2192961,3490689,2606539,4542235,478056,13310480,5683650,8290189,7148774,478056,0.427005637662954,0.622831708548452,0.537078602725071,0.0359157596119749
"SEN","Senegal",2016,2366256,3962717,2960345,5217953,527234,15034505,6328973,9289318,8178298,527234,0.420963177703556,0.617866567605651,0.543968557661193,0.0350682646352507
"SEN","Senegal",2020,2404180,4367091,3422410,6003303,592226,16789210,6771271,10193681,9425713,592226,0.403310876449815,0.607156679796131,0.561414920654396,0.0352742028957884
"SGP","Singapore",1952,199659,266489,204508,431025,24409,1126090,466148,670656,635533,24409,0.413952703602732,0.595561633617206,0.564371409034802,0.0216758873624666
"SGP","Singapore",1956,257387,336999,249635,517632,29298,1390951,594386,844021,767267,29298,0.427323464306075,0.606794200514612,0.551613248777275,0.0210632869166491
"SGP","Singapore",1960,283251,440662,268792,588483,38134,1619322,723913,992705,857275,38134,0.447046973980468,0.613037431715249,0.529403664002589,0.0235493620169429
"SGP","Singapore",1964,277190,521211,317313,656969,48778,1821461,798401,1115714,974282,48778,0.438329999928629,0.612537957167351,0.534890398421926,0.0267796016494451
"SGP","Singapore",1968,258468,561735,402844,724611,62437,2010095,820203,1223047,1127455,62437,0.408041908467013,0.608452336829851,0.560896375544439,0.0310617159885478
"SGP","Singapore",1972,223852,560579,500700,801407,77799,2164337,784431,1285131,1302107,77799,0.362434777948166,0.593775830658534,0.601619341165447,0.0359458808863869
"SGP","Singapore",1976,214861,503094,562088,924495,96197,2300735,717955,1280043,1486583,96197,0.312054626021684,0.556362640634406,0.646133952845504,0.0418114211328119
"SGP","Singapore",1980,193237,450724,591166,1087291,115058,2437476,643961,1235127,1678457,115058,0.264191729477542,0.506723758510853,0.688604523695823,0.0472037468266354
"SGP","Singapore",1984,209813,424029,601048,1349896,136108,2720894,633842,1234890,1950944,136108,0.232953580698109,0.453854505173667,0.717023154889533,0.0500232644123586
"SGP","Singapore",1988,214723,411771,549286,1515540,157661,2848981,626494,1175780,2064826,157661,0.219901080421386,0.412701945011216,0.724759484180484,0.0553394353981301
"SGP","Singapore",1992,257263,423811,566440,1796117,182726,3226357,681074,1247514,2362557,182726,0.211096912090014,0.386663348166368,0.732267693872687,0.0566353940372997
"SGP","Singapore",1996,262706,469458,623560,2094804,213906,3664434,732164,1355724,2718364,213906,0.199802752621551,0.369968186082762,0.741823703196728,0.0583735441817208
"SGP","Singapore",2000,245950,512301,665211,2359591,252044,4035097,758251,1423462,3024802,252044,0.187913946058794,0.352770206019831,0.749623119345086,0.06246293459612
"SGP","Singapore",2004,223716,519448,682695,2462649,284043,4172551,743164,1425859,3145344,284043,0.178107828999574,0.341723564313534,0.753817988084508,0.0680741829159188
"SGP","Singapore",2008,220204,505096,858602,2878263,344150,4806315,725300,1583902,3736865,344150,0.150905631445296,0.329546024345054,0.777490655522994,0.0716037130317093
"SGP","Singapore",2012,226597,482764,987026,3185117,411237,5292741,709361,1696387,4172143,411237,0.134025262146778,0.320511999359122,0.7882764337042,0.0776983041490222
"SGP","Singapore",2016,235414,463008,1015005,3337505,526335,5577267,698422,1713427,4352510,526335,0.125226567062326,0.307216240499155,0.780401942385043,0.0943714905526309
"SGP","Singapore",2020,230250,453976,956714,3328118,650263,5619321,684226,1640940,4284832,650263,0.121763109813445,0.292017487522069,0.762517749030532,0.115719141156022
"SHN","Saint Helena",1952,868,1448,753,1835,420,5324,2316,3069,2588,420,0.435011269722014,0.576446280991736,0.486100676183321,0.0788880540946657
"SHN","Saint Helena",1956,741,1568,744,1857,410,5320,2309,3053,2601,410,0.434022556390977,0.573872180451128,0.48890977443609,0.0770676691729323
"SHN","Saint Helena",1960,744,1394,933,1901,416,5388,2138,3071,2834,416,0.396807720861173,0.569970304380104,0.525983667409057,0.0772086117297699
"SHN","Saint Helena",1964,735,1408,901,2000,442,5486,2143,3044,2901,442,0.3906306963179,0.554866934013853,0.528800583302953,0.0805687203791469
"SHN","Saint Helena",1968,725,1411,994,2017,500,5647,2136,3130,3011,500,0.37825394014521,0.55427660704799,0.533203470869488,0.0885425889853019
"SHN","Saint Helena",1972,782,1423,1077,2140,531,5953,2205,3282,3217,531,0.370401478246262,0.551318662859063,0.540399798420964,0.0891987233327734
"SHN","Saint Helena",1976,699,1503,1137,2301,554,6194,2202,3339,3438,554,0.355505327736519,0.539070067807556,0.555053277365192,0.0894413948982887
"SHN","Saint Helena",1980,633,1489,1229,2474,588,6413,2122,3351,3703,588,0.330890378917823,0.522532356151567,0.577420863870263,0.0916887572119133
"SHN","Saint Helena",1984,655,1390,1239,2759,604,6647,2045,3284,3998,604,0.307657589890176,0.494057469535129,0.601474349330525,0.0908680607792989
"SHN","Saint Helena",1988,566,1232,1296,3001,615,6710,1798,3094,4297,615,0.26795827123696,0.461102831594635,0.640387481371088,0.0916542473919523
"SHN","Saint Helena",1992,514,1117,1166,3140,608,6545,1631,2797,4306,608,0.249197860962567,0.427349121466769,0.65790679908327,0.0928953399541635
"SHN","Saint Helena",1996,430,1053,913,3282,631,6309,1483,2396,4195,631,0.235061023934062,0.379774924710731,0.664923125693454,0.100015850372484
"SHN","Saint Helena",2000,367,822,854,3314,688,6045,1189,2043,4168,688,0.196691480562448,0.337965260545906,0.689495450785773,0.113813068651778
"SHN","Saint Helena",2004,273,729,668,3236,772,5678,1002,1670,3904,772,0.176470588235294,0.294117647058824,0.687566044381825,0.135963367382881
"SHN","Saint Helena",2008,229,555,583,3019,909,5295,784,1367,3602,909,0.148064211520302,0.258168083097262,0.680264400377715,0.171671388101983
"SHN","Saint Helena",2012,242,499,605,3038,1044,5428,741,1346,3643,1044,0.136514369933677,0.247973470891673,0.671149594694178,0.192336035372144
"SHN","Saint Helena",2016,262,499,518,3075,1190,5544,761,1279,3593,1190,0.137265512265512,0.230699855699856,0.648088023088023,0.214646464646465
"SHN","Saint Helena",2020,234,526,421,2928,1342,5451,760,1181,3349,1342,0.139423958906623,0.216657494037791,0.614382682076683,0.246193359016694
"SLB","Solomon Islands",1952,21069,29791,21289,36676,4676,113501,50860,72149,57965,4676,0.448101778838953,0.635668408207857,0.510700346252456,0.0411978749085911
"SLB","Solomon Islands",1956,22824,34439,23585,40227,4282,125357,57263,80848,63812,4282,0.456799380967956,0.644942045518001,0.509042175546639,0.0341584434854057
"SLB","Solomon Islands",1960,26072,38558,26304,44706,4058,139698,64630,90934,71010,4058,0.462640839525262,0.650932726309611,0.508310784692694,0.0290483757820441
"SLB","Solomon Islands",1964,28867,41313,28751,49572,4595,153098,70180,98931,78323,4595,0.458399195286679,0.646193941135743,0.511587349279546,0.0300134554337744
"SLB","Solomon Islands",1968,31443,46617,30232,54380,5625,168297,78060,108292,84612,5625,0.463822884543396,0.643457696809806,0.502754059787162,0.0334230556694415
"SLB","Solomon Islands",1972,35271,51496,33220,58727,6290,185004,86767,119987,91947,6290,0.469000670255778,0.648564355365289,0.497000064863462,0.0339992648807593
"SLB","Solomon Islands",1976,41559,58280,36666,63783,6922,207210,99839,136505,100449,6922,0.481825201486415,0.658776120843589,0.4847690748516,0.0334057236619854
"SLB","Solomon Islands",1980,45011,69972,43362,72177,7627,238149,114983,158345,115539,7627,0.482819579338985,0.664898865836094,0.48515425216986,0.0320261684911547
"SLB","Solomon Islands",1984,49216,81232,51532,82279,8917,273176,130448,181980,133811,8917,0.477523647758222,0.666163938266905,0.489834392479574,0.0326419597622046
"SLB","Solomon Islands",1988,54874,90136,61740,94268,10260,311278,145010,206750,156008,10260,0.465853674207621,0.664197277032106,0.501185435527085,0.0329608902652934
"SLB","Solomon Islands",1992,61146,97731,73441,108392,11505,352215,158877,232318,181833,11505,0.451079596269324,0.659591442726744,0.516255696094715,0.032664707635961
"SLB","Solomon Islands",1996,66503,107815,82919,125611,13169,396017,174318,257237,208530,13169,0.440178073163526,0.649560498665461,0.526568303885944,0.0332536229505299
"SLB","Solomon Islands",2000,71741,117156,90661,145968,14955,440481,188897,279558,236629,14955,0.428842560746093,0.634665286357414,0.537205918075922,0.033951521177985
"SLB","Solomon Islands",2004,75380,122500,94930,165616,16191,474617,197880,292810,260546,16191,0.416925647416759,0.616939553366188,0.548960530280205,0.0341138223030359
"SLB","Solomon Islands",2008,78962,130511,96334,185357,17636,508800,209473,305807,281691,17636,0.411700078616352,0.601035770440252,0.553637971698113,0.0346619496855346
"SLB","Solomon Islands",2012,87283,145921,106608,214023,19785,573620,233204,339812,320631,19785,0.406547888846275,0.592399149262578,0.558960635961089,0.0344914751926362
"SLB","Solomon Islands",2016,98437,164373,124373,251532,23665,662380,262810,387183,375905,23665,0.39676620670914,0.584533047495395,0.567506567227271,0.0357272260635889
"SLB","Solomon Islands",2020,102480,183594,143562,287296,27572,744504,286074,429636,430858,27572,0.384247767641275,0.577076818929113,0.578718180157528,0.037034052201197
"SLE","Sierra Leone",1952,318190,478653,382742,801578,66036,2047199,796843,1179585,1184320,66036,0.389235731357821,0.576194595640189,0.578507511971235,0.0322567566709441
"SLE","Sierra Leone",1956,337874,486566,399830,847033,76676,2147979,824440,1224270,1246863,76676,0.383821257097951,0.569963672829204,0.580481932085928,0.0356968108161206
"SLE","Sierra Leone",1960,365723,501373,421099,893520,86645,2268360,867096,1288195,1314619,86645,0.382256784637359,0.567897071011656,0.579546015623622,0.0381971997390185
"SLE","Sierra Leone",1964,400080,540880,439013,947733,96685,2424391,940960,1379973,1386746,96685,0.388122212959873,0.569203977411234,0.57199766869288,0.0398801183472468
"SLE","Sierra Leone",1968,437067,604612,454287,1008641,106927,2611534,1041679,1495966,1462928,106927,0.398876292631074,0.572830374791215,0.560179572619005,0.0409441347499209
"SLE","Sierra Leone",1972,472912,673792,477226,1073603,116862,2814395,1146704,1623930,1550829,116862,0.407442452107824,0.577008557789507,0.551034591803922,0.0415229560882534
"SLE","Sierra Leone",1976,513412,741540,526470,1121328,126068,3028818,1254952,1781422,1647798,126068,0.414337210093178,0.588157492460755,0.544039952218984,0.0416228376878373
"SLE","Sierra Leone",1980,559116,812864,585370,1179317,135425,3272092,1371980,1957350,1764687,135425,0.419297501414997,0.598195283017715,0.539314603623614,0.0413878949613886
"SLE","Sierra Leone",1984,611017,896008,650118,1256302,145312,3558757,1507025,2157143,1906420,145312,0.423469486677511,0.606150686883089,0.535698278921545,0.0408322344009439
"SLE","Sierra Leone",1988,680371,1002695,726958,1367426,157061,3934511,1683066,2410024,2094384,157061,0.427770058337618,0.61253456909893,0.532311130913092,0.0399188107492901
"SLE","Sierra Leone",1992,721373,1074231,777779,1431773,161206,4166362,1795604,2573383,2209552,161206,0.430976472999706,0.617657083085915,0.530331257821572,0.0386922691787224
"SLE","Sierra Leone",1996,732369,1092615,791916,1426618,155691,4199209,1824984,2616900,2218534,155691,0.434601850015086,0.623188795794637,0.528321881573411,0.0370762684115032
"SLE","Sierra Leone",2000,776794,1162576,841264,1486416,156558,4423608,1939370,2780634,2327680,156558,0.438413620736738,0.628589603780443,0.526194906962823,0.0353914723004389
"SLE","Sierra Leone",2004,929340,1420772,1028800,1794290,182505,5355707,2350112,3378912,2823090,182505,0.438805184824338,0.630899337846525,0.527118081702378,0.0340767334732837
"SLE","Sierra Leone",2008,982855,1581480,1145819,1989418,195147,5894719,2564335,3710154,3135237,195147,0.435022432791114,0.6294030300681,0.531872172363093,0.0331053948457933
"SLE","Sierra Leone",2012,1055657,1747985,1291192,2242988,213246,6551068,2803642,4094834,3534180,213246,0.427967165048508,0.625063577419743,0.539481501336881,0.0325513336146106
"SLE","Sierra Leone",2016,1088913,1896685,1456560,2536879,226291,7205328,2985598,4442158,3993439,226291,0.414359762664517,0.616510171362081,0.554234172268077,0.0314060650674057
"SLE","Sierra Leone",2020,1128364,2021715,1627165,2886781,248521,7912546,3150079,4777244,4513946,248521,0.398111935147044,0.603755605338661,0.570479590260834,0.0314084745921224
"SLV","El Salvador",1952,404906,592780,433818,770026,86426,2287956,997686,1431504,1203844,86426,0.436059959195019,0.625669374760703,0.526165712976998,0.0377743278279827
"SLV","El Salvador",1956,462423,660784,483101,823666,88204,2518178,1123207,1606308,1306767,88204,0.446039557171892,0.637885010511568,0.518933530512934,0.0350269123151739
"SLV","El Salvador",1960,513527,757501,531118,897790,91511,2791447,1271028,1802146,1428908,91511,0.455329440250881,0.645595635525231,0.511887920494281,0.0327826392548381
"SLV","El Salvador",1964,581391,853124,576923,999508,100946,3111892,1434515,2011438,1576431,100946,0.460978401564065,0.64637140363483,0.506582811999902,0.0324387864360331
"SLV","El Salvador",1968,659922,963678,641833,1100314,115017,3480764,1623600,2265433,1742147,115017,0.466449319747044,0.650843607897577,0.500507072585214,0.0330436076677419
"SLV","El Salvador",1972,681885,1110098,728730,1208348,117751,3846812,1791983,2520713,1937078,117751,0.465835866166582,0.655273249641521,0.503554111820385,0.0306100220130331
"SLV","El Salvador",1976,717912,1203010,837854,1333950,117564,4210290,1920922,2758776,2171804,117564,0.456244581727149,0.655246075685998,0.515832401093511,0.0279230171793392
"SLV","El Salvador",1980,756914,1249716,951325,1460510,121891,4540356,2006630,2957955,2411835,121891,0.441954331334371,0.651480853043242,0.531199535895423,0.0268461327702057
"SLV","El Salvador",1984,777765,1288013,1025413,1581322,125475,4797988,2065778,3091191,2606735,125475,0.430550889247743,0.644268180745763,0.543297523878759,0.0261515868734978
"SLV","El Salvador",1988,797765,1381099,1094034,1783162,139758,5195818,2178864,3272898,2877196,139758,0.41934956151274,0.629910054586208,0.55375226768913,0.0268981707981303
"SLV","El Salvador",1992,843525,1476825,1139175,1961977,164100,5585602,2320350,3459525,3101152,164100,0.41541627921216,0.619364752447453,0.555204613576119,0.0293791072117204
"SLV","El Salvador",1996,800817,1470618,1187562,2132635,213644,5805276,2271435,3458997,3320197,213644,0.391270802628505,0.595836787088159,0.571927501810422,0.0368016955610724
"SLV","El Salvador",2000,747250,1457350,1186462,2274843,277448,5943353,2204600,3391062,3461305,277448,0.370935396231723,0.570563787814723,0.582382537264739,0.0466820665035377
"SLV","El Salvador",2004,669131,1456949,1152373,2377324,348789,6004566,2126080,3278453,3529697,348789,0.354077213906884,0.545993332407371,0.587835490525044,0.0580872955680727
"SLV","El Salvador",2008,593064,1417740,1179849,2437668,400809,6029130,2010804,3190653,3617517,400809,0.333514785715352,0.529206203880162,0.600006468594971,0.0664787456896766
"SLV","El Salvador",2012,579566,1290742,1291434,2533114,418950,6113806,1870308,3161742,3824548,418950,0.305915496827999,0.517147910810386,0.625559267009781,0.0685252361622204
"SLV","El Salvador",2016,564769,1171365,1345763,2669654,449129,6200680,1736134,3081897,4015417,449129,0.279990904223408,0.497025648799809,0.647576878664921,0.0724322171116716
"SLV","El Salvador",2020,515312,1126487,1264514,2847686,480591,6234590,1641799,2906313,4112200,480591,0.263337124012966,0.466159442721975,0.659578256148359,0.0770846198386742
"SMR","San Marino",1952,1175,2140,2053,6544,1388,13300,3315,5368,8597,1388,0.249248120300752,0.403609022556391,0.646390977443609,0.104360902255639
"SMR","San Marino",1956,1212,2202,2256,6885,1519,14074,3414,5670,9141,1519,0.242574960920847,0.402870541423902,0.649495523660651,0.107929515418502
"SMR","San Marino",1960,1295,2567,2460,7564,1563,15449,3862,6322,10024,1563,0.24998381772283,0.409217425076057,0.648844585410059,0.101171596867111
"SMR","San Marino",1964,1489,2672,2820,8409,1608,16998,4161,6981,11229,1608,0.244793505118249,0.41069537592658,0.660607130250618,0.0945993646311331
"SMR","San Marino",1968,1607,2911,2877,8844,1647,17886,4518,7395,11721,1647,0.25259979872526,0.413451861791345,0.655317007715532,0.0920831935592083
"SMR","San Marino",1972,1509,3370,2842,9347,1743,18811,4879,7721,12189,1743,0.259369517835309,0.410451331667641,0.647971931316783,0.0926585508479081
"SMR","San Marino",1976,1401,3316,2942,9573,1906,19138,4717,7659,12515,1906,0.246472985682934,0.400198557843035,0.653934580415926,0.0995924339011391
"SMR","San Marino",1980,1323,3361,3635,10908,2382,21609,4684,8319,14543,2382,0.216761534545791,0.384978481188394,0.673006617613032,0.110231847841177
"SMR","San Marino",1984,1176,3092,3897,11605,2602,22372,4268,8165,15502,2602,0.190774182013231,0.364965134990166,0.692919721079921,0.116306096906848
"SMR","San Marino",1988,1144,2746,3698,12276,3001,22865,3890,7588,15974,3001,0.170129018150011,0.331860922807785,0.69862234856768,0.131248633282309
"SMR","San Marino",1992,1223,2503,3427,13555,3441,24149,3726,7153,16982,3441,0.154292103192679,0.29620274131434,0.703217524535177,0.142490372272144
"SMR","San Marino",1996,1300,2507,3215,14645,3835,25502,3807,7022,17860,3835,0.149282409222806,0.275350952866442,0.70033722845267,0.150380362324524
"SMR","San Marino",2000,1413,2590,3093,15558,4167,26821,4003,7096,18651,4167,0.149248723015548,0.264568808023564,0.695387942284031,0.155363334700421
"SMR","San Marino",2004,1499,2799,2847,16538,4546,28229,4298,7145,19385,4546,0.152254773459917,0.25310850543767,0.686705161358886,0.161040065181197
"SMR","San Marino",2008,1575,2989,2773,17391,4991,29719,4564,7337,20164,4991,0.153571789091154,0.246879100911875,0.678488509034624,0.167939701874222
"SMR","San Marino",2012,1716,3369,2982,19504,5921,33492,5085,8067,22486,5921,0.151827302042279,0.240863489788606,0.671384211154903,0.176788486802819
"SMR","San Marino",2016,1553,3462,3249,19510,6408,34182,5015,8264,22759,6408,0.146714645134866,0.241764671464513,0.665818266924112,0.187467087941022
"SMR","San Marino",2020,1266,3398,3480,19706,6939,34789,4664,8144,23186,6939,0.134065365489091,0.234096984679065,0.66647503521228,0.199459599298629
"SOM","Somalia",1952,425143,555739,421751,873529,64097,2340259,980882,1402633,1295280,64097,0.419133950558464,0.599349473712098,0.553477200600446,0.0273888488410898
"SOM","Somalia",1956,484571,636050,460086,940366,77298,2598371,1120621,1580707,1400452,77298,0.431278289358987,0.608345382549297,0.53897307197471,0.0297486386663029
"SOM","Somalia",1960,525566,751841,498661,1009301,90964,2876333,1277407,1776068,1507962,90964,0.444109565895187,0.617476488292559,0.524265444925883,0.0316249891789303
"SOM","Somalia",1964,575909,864239,550701,1097186,104763,3192798,1440148,1990849,1647887,104763,0.451061420108632,0.623543675484638,0.516126294240976,0.0328122856503919
"SOM","Somalia",1968,635643,949870,656101,1186165,118815,3546594,1585513,2241614,1842266,118815,0.447052298627923,0.632046972390976,0.519446545051393,0.033501156320684
"SOM","Somalia",1972,705655,1045304,767318,1288063,133097,3939437,1750959,2518277,2055381,133097,0.44446934930042,0.639247943297481,0.521744858465816,0.0337857922337634
"SOM","Somalia",1976,780763,1154039,858357,1426062,146592,4365813,1934802,2793159,2284419,146592,0.443171065732774,0.639779807334854,0.523251683019864,0.0335772512473622
"SOM","Somalia",1980,1093851,1556099,1144575,1944322,197304,5936151,2649950,3794525,3088897,197304,0.446408792498708,0.639223126231122,0.520353508527664,0.0332376989736279
"SOM","Somalia",1984,1228502,1687833,1212313,2090930,208811,6428389,2916335,4128648,3303243,208811,0.453664985115244,0.642252359028055,0.513852381988707,0.0324826328960491
"SOM","Somalia",1988,1410454,1941353,1335561,2321301,226685,7235354,3351807,4687368,3656862,226685,0.463254043962465,0.647842247939769,0.505415768184943,0.0313301878525916
"SOM","Somalia",1992,1187873,1832103,1212711,2077926,184493,6495106,3019976,4232687,3290637,184493,0.464961772756288,0.651673275232152,0.506633302058504,0.0284049251852087
"SOM","Somalia",1996,1482415,2058304,1426723,2382950,204081,7554473,3540719,4967442,3809673,204081,0.468691727404413,0.657549772168092,0.504293681372612,0.0270145912229748
"SOM","Somalia",2000,1796937,2388745,1687707,2735341,229977,8838707,4185682,5873389,4423048,229977,0.473562705495272,0.664507715891023,0.50041799100253,0.0260193035021978
"SOM","Somalia",2004,2075861,2846315,1957671,3138570,262574,10280991,4922176,6879847,5096241,262574,0.47876474164796,0.669181307521814,0.495695502505546,0.0255397558464938
"SOM","Somalia",2008,2317327,3387763,2119931,3550521,287535,11663077,5705090,7825021,5670452,287535,0.489158221282428,0.670922518988771,0.486188336062602,0.02465344265497
"SOM","Somalia",2012,2329568,3640607,2359187,3839079,292712,12461153,5970175,8329362,6198266,292712,0.479102936943315,0.668426268419945,0.497407101894985,0.0234899611616999
"SOM","Somalia",2016,2781099,4040267,2841258,4337275,348829,14348728,6821366,9662624,7178533,348829,0.475398655546331,0.673413280954242,0.500290548402618,0.0243107960510507
"SOM","Somalia",2020,3168929,4662559,3355279,5041951,422467,16651185,7831488,11186767,8397230,422467,0.470326165975575,0.671830082964065,0.504302246356641,0.0253715876677846
"SPM","Saint Pierre and Miquelon",1952,598,987,742,1990,288,4605,1585,2327,2732,288,0.344191096634093,0.505320304017372,0.593268186753529,0.0625407166123779
"SPM","Saint Pierre and Miquelon",1956,602,1056,793,2079,303,4833,1658,2451,2872,303,0.343058141940824,0.507138423339541,0.59424787916408,0.0626939788950962
"SPM","Saint Pierre and Miquelon",1960,600,1112,830,2148,326,5016,1712,2542,2978,326,0.341307814992026,0.506778309409888,0.593700159489633,0.0649920255183413
"SPM","Saint Pierre and Miquelon",1964,569,1124,881,2242,362,5178,1693,2574,3123,362,0.32696021629973,0.497103128621089,0.603128621089224,0.0699111626110467
"SPM","Saint Pierre and Miquelon",1968,661,1120,958,2360,391,5490,1781,2739,3318,391,0.324408014571949,0.498907103825137,0.604371584699454,0.0712204007285974
"SPM","Saint Pierre and Miquelon",1972,689,1224,1002,2488,427,5830,1913,2915,3490,427,0.328130360205832,0.5,0.598627787307033,0.0732418524871355
"SPM","Saint Pierre and Miquelon",1976,625,1305,1057,2616,487,6090,1930,2987,3673,487,0.316912972085386,0.49047619047619,0.60311986863711,0.0799671592775041
"SPM","Saint Pierre and Miquelon",1980,505,1286,1098,2762,541,6192,1791,2889,3860,541,0.289244186046512,0.46656976744186,0.623385012919897,0.0873708010335917
"SPM","Saint Pierre and Miquelon",1984,433,1127,1151,2972,576,6259,1560,2711,4123,576,0.24924109282633,0.433136283751398,0.658731426745486,0.0920274804281834
"SPM","Saint Pierre and Miquelon",1988,449,1003,1148,3167,614,6381,1452,2600,4315,614,0.227550540667607,0.407459645823539,0.67622629681868,0.0962231625137126
"SPM","Saint Pierre and Miquelon",1992,416,926,1044,3366,676,6428,1342,2386,4410,676,0.208774113254512,0.371188550093342,0.686060983198507,0.105164903546982
"SPM","Saint Pierre and Miquelon",1996,464,887,817,3557,726,6451,1351,2168,4374,726,0.20942489536506,0.336071926833049,0.678034413269261,0.11254069136568
"SPM","Saint Pierre and Miquelon",2000,342,871,731,3604,769,6317,1213,1944,4335,769,0.192021529206902,0.307741016305208,0.686243470001583,0.121735000791515
"SPM","Saint Pierre and Miquelon",2004,338,854,639,3551,809,6191,1192,1831,4190,809,0.192537554514618,0.29575189791633,0.676788887094169,0.130673558391213
"SPM","Saint Pierre and Miquelon",2008,306,772,648,3476,861,6063,1078,1726,4124,861,0.177799769091209,0.284677552366815,0.680191324426851,0.14200890648194
"SPM","Saint Pierre and Miquelon",2012,336,749,555,3480,899,6019,1085,1640,4035,899,0.180262502076757,0.272470510051504,0.670377139059644,0.149360358863599
"SPM","Saint Pierre and Miquelon",2016,298,757,504,3400,998,5957,1055,1559,3904,998,0.177102568406916,0.261708913882827,0.655363437972134,0.16753399362095
"SPM","Saint Pierre and Miquelon",2020,236,728,472,3328,1088,5852,964,1436,3800,1088,0.16473000683527,0.245386192754614,0.649350649350649,0.185919343814081
"SRB","Serbia",1952,655705,1022796,1273491,2804072,371160,6127224,1678501,2951992,4077563,371160,0.273941510870175,0.481782941181847,0.665482933217392,0.0605755559124328
"SRB","Serbia",1956,657463,1098881,1179632,3086741,400019,6422736,1756344,2935976,4266373,400019,0.273457292966736,0.457122322947728,0.664260994068571,0.0622817129646929
"SRB","Serbia",1960,594059,1231852,1054672,3383184,439146,6702913,1825911,2880583,4437856,439146,0.272405594403508,0.429750915758566,0.662078711151405,0.0655156944450868
"SRB","Serbia",1964,570273,1262373,1045378,3591003,499096,6968123,1832646,2878024,4636381,499096,0.263004255234875,0.413027152362265,0.665370143437479,0.0716256013276459
"SRB","Serbia",1968,557709,1179553,1183013,3697620,595985,7213880,1737262,2920275,4880633,595985,0.240822137324158,0.404813359800828,0.676561434346011,0.0826164283298308
"SRB","Serbia",1972,545106,1105338,1312424,3781405,680342,7424615,1650444,2962868,5093829,680342,0.222293546534063,0.39906015328741,0.686073149920905,0.0916333035450323
"SRB","Serbia",1976,549677,1070861,1258880,3968554,774529,7622501,1620538,2879418,5227434,774529,0.212599250560938,0.377752393866528,0.685789873953444,0.101610875485618
"SRB","Serbia",1980,555199,1053315,1148423,4226661,812507,7796105,1608514,2756937,5375084,812507,0.206322772717915,0.353630049877471,0.689457620183412,0.104219607098673
"SRB","Serbia",1984,536077,1074799,1070968,4440254,752763,7874861,1610876,2681844,5511222,752763,0.204559293173556,0.340557630160075,0.699850067194837,0.0955906396316075
"SRB","Serbia",1988,493472,1068418,1043577,4449013,829693,7884173,1561890,2605467,5492590,829693,0.198104480964586,0.330468014844423,0.696660258469722,0.105235260565693
"SRB","Serbia",1992,453966,1024389,1054052,4368849,958329,7859585,1478355,2532407,5422901,958329,0.188095809129871,0.322206197909941,0.689972943864084,0.121931247006044
"SRB","Serbia",1996,413348,968425,1062264,4252742,1110581,7807360,1381773,2444037,5315006,1110581,0.176983384908599,0.313042693048611,0.680768659316337,0.142247955775064
"SRB","Serbia",2000,374315,887656,1057540,4138712,1236011,7694234,1261971,2319511,5196252,1236011,0.164015157324303,0.301460938151868,0.67534364044556,0.160641202230138
"SRB","Serbia",2004,354970,808125,1004979,4097466,1299971,7565511,1163095,2168074,5102445,1299971,0.153736475963091,0.286573372241478,0.674434945636851,0.171828578400058
"SRB","Serbia",2008,351366,745762,933135,4123973,1299567,7453803,1097128,2030263,5057108,1299567,0.147190367118637,0.272379481990603,0.678460109557497,0.174349523323866
"SRB","Serbia",2012,340823,707471,853986,4134002,1287998,7324280,1048294,1902280,4987988,1287998,0.143125877219331,0.259722457360997,0.68102093311561,0.175853189665059
"SRB","Serbia",2016,330681,690723,762356,3960905,1380663,7125328,1021404,1783760,4723261,1380663,0.143348348314632,0.250340756243081,0.662883308670141,0.193768343015227
"SRB","Serbia",2020,323436,661686,715687,3716927,1489045,6906781,985122,1700809,4432614,1489045,0.142631133085007,0.246252052873835,0.641777117299651,0.215591749615342
"SSD","South Sudan",1952,436161,657245,493244,897283,85272,2569205,1093406,1586650,1390527,85272,0.425581454185244,0.617564577369264,0.541228512321905,0.0331900334928509
"SSD","South Sudan",1956,478222,691952,531071,967816,85536,2754597,1170174,1701245,1498887,85536,0.424807694192653,0.617602139260298,0.544140213613824,0.0310520921935223
"SSD","South Sudan",1960,523717,723131,569283,1029990,85446,2931567,1246848,1816131,1599273,85446,0.425317927238231,0.619508610923782,0.54553520352767,0.029146869234099
"SSD","South Sudan",1964,571053,775148,603976,1095434,84304,3129915,1346201,1950177,1699410,84304,0.430107846379215,0.623076665021255,0.54295723685787,0.0269349167629153
"SSD","South Sudan",1968,612455,850504,624420,1153418,80731,3321528,1462959,2087379,1777838,80731,0.440447589181846,0.628439380911436,0.535247030884581,0.0243053799335727
"SSD","South Sudan",1972,670193,917752,658653,1215692,80202,3542492,1587945,2246598,1874345,80202,0.448256481595442,0.63418576527484,0.52910352373414,0.0226399946704185
"SSD","South Sudan",1976,761612,1014546,737147,1317702,90905,3921912,1776158,2513305,2054849,90905,0.452880635771532,0.640836663341758,0.523940618759421,0.0231787454690467
"SSD","South Sudan",1980,837236,1152145,810526,1435632,103502,4339041,1989381,2799907,2246158,103502,0.458484029074627,0.645282448356676,0.517662312939656,0.0238536579857162
"SSD","South Sudan",1984,908417,1299713,877445,1549535,115516,4750626,2208130,3085575,2426980,115516,0.464808216853947,0.649509138374606,0.510875829838005,0.0243159533080482
"SSD","South Sudan",1988,875119,1362486,933027,1562002,115395,4848029,2237605,3170632,2495029,115395,0.461549425550053,0.654004338670416,0.514648117822728,0.023802456627219
"SSD","South Sudan",1992,922040,1314351,991746,1565401,116200,4909738,2236391,3228137,2557147,116200,0.455501087838088,0.65749679514467,0.520831661485806,0.0236672506761053
"SSD","South Sudan",1996,1083131,1380358,1077901,1685588,129929,5356907,2463489,3541390,2763489,129929,0.459871526610412,0.661088572192872,0.515873992212297,0.0242544811772913
"SSD","South Sudan",2000,1174094,1569498,1185066,1956823,146730,6032211,2743592,3928658,3141889,146730,0.454823612768187,0.651279936991594,0.520851972850419,0.0243244143813935
"SSD","South Sudan",2004,1383843,1927155,1291364,2451660,178909,7232931,3310998,4602362,3743024,178909,0.457767120963825,0.636306636963632,0.517497540070547,0.0247353389656282
"SSD","South Sudan",2008,1565171,2297671,1573211,3159964,221438,8817455,3862842,5436053,4733175,221438,0.438090356004085,0.616510432999091,0.536796048292846,0.0251135957030685
"SSD","South Sudan",2012,1804389,2703837,1957792,4014753,275201,10755972,4508226,6466018,5972545,275201,0.419137015232096,0.601156083336773,0.55527710559306,0.0255858791748435
"SSD","South Sudan",2016,1730817,3006801,1892971,3926683,272803,10830075,4737618,6630589,5819654,272803,0.437450156162353,0.612238511736992,0.537360452259103,0.025189391578544
"SSD","South Sudan",2020,1418479,3120418,2132560,3738798,288151,10698406,4538897,6671457,5871358,288151,0.424259184031715,0.623593552160948,0.548806803555595,0.0269340124126903
"STP","Sao Tome and Principe",1952,9898,12152,9646,28606,2309,62611,22050,31696,38252,2309,0.352174538020476,0.506236923224354,0.610946958202233,0.0368785037772915
"STP","Sao Tome and Principe",1956,10033,11740,12316,28841,2311,65241,21773,34089,41157,2311,0.333731855734891,0.52250885179565,0.630845633880535,0.0354225103845741
"STP","Sao Tome and Principe",1960,11096,11265,12964,30230,2473,68028,22361,35325,43194,2473,0.32870288704651,0.519271476450873,0.634944434644558,0.0363526783089316
"STP","Sao Tome and Principe",1964,12417,16065,9505,29993,2901,70881,28482,37987,39498,2901,0.401828416641977,0.535926411873422,0.557243831210056,0.0409277521479663
"STP","Sao Tome and Principe",1968,13794,19801,12050,25778,3360,74783,33595,45645,37828,3360,0.449233114477889,0.610365992270971,0.505836888062795,0.0449299974593156
"STP","Sao Tome and Principe",1972,14467,22719,15141,25002,3732,81061,37186,52327,40143,3732,0.458740948174831,0.645526208657678,0.495219649399835,0.046039402425334
"STP","Sao Tome and Principe",1976,15080,25325,17169,27296,4069,88939,40405,57574,44465,4069,0.454300138297035,0.647342560631444,0.499949403523763,0.0457504581792015
"STP","Sao Tome and Principe",1980,17108,27156,19473,30446,4380,98563,44264,63737,49919,4380,0.449093473210028,0.646662540710003,0.50646794436046,0.0444385824295121
"STP","Sao Tome and Principe",1984,18488,28731,21573,32847,4771,106410,47219,68792,54420,4771,0.44374588854431,0.646480593929142,0.51141809980265,0.0448360116530401
"STP","Sao Tome and Principe",1988,20101,32474,23323,36026,5031,116955,52575,75898,59349,5031,0.449531871232525,0.648950451028173,0.507451583942542,0.0430165448249327
"STP","Sao Tome and Principe",1992,21986,35909,24991,39850,5391,128127,57895,82886,64841,5391,0.451856361266556,0.646905023921578,0.506068197959837,0.0420754407736074
"STP","Sao Tome and Principe",1996,22428,38734,27729,42255,5828,136974,61162,88891,69984,5828,0.446522697738257,0.6489625768394,0.510929081431512,0.0425482208302306
"STP","Sao Tome and Principe",2000,22040,39592,32513,43777,6107,144029,61632,94145,76290,6107,0.427913822910664,0.653653083753966,0.529684993994265,0.0424011830950711
"STP","Sao Tome and Principe",2004,25918,40483,34919,49989,6412,157721,66401,101320,84908,6412,0.421002910202192,0.64240018767317,0.538343023440125,0.0406540663576822
"STP","Sao Tome and Principe",2008,28745,44347,35624,58417,6675,173808,73092,108716,94041,6675,0.420533001933168,0.625494798858511,0.541062551781276,0.0384044462855565
"STP","Sao Tome and Principe",2012,29664,49854,36764,66383,6787,189452,79518,116282,103147,6787,0.419726368684416,0.613780799358149,0.544449253636805,0.0358243776787788
"STP","Sao Tome and Principe",2016,30815,54107,38154,73264,7362,203702,84922,123076,111418,7362,0.416893304925823,0.604196326005636,0.546965665531021,0.0361410295431562
"STP","Sao Tome and Principe",2020,29611,57223,42497,79761,8358,217450,86834,129331,122258,8358,0.399328581283054,0.594762014256151,0.562234996550931,0.0384364221660152
"SUR","Suriname",1952,36093,51566,38428,72369,7908,206364,87659,126087,110797,7908,0.424778546645733,0.61099319648776,0.536900816033804,0.0383206373204629
"SUR","Suriname",1956,42687,58447,41683,79414,9924,232155,101134,142817,121097,9924,0.435631366974651,0.615179513686976,0.521621330576554,0.042747302448795
"SUR","Suriname",1960,49198,68371,43942,89229,13195,263935,117569,161511,133171,13195,0.445446795612556,0.611934756663572,0.504559834807813,0.0499933695796313
"SUR","Suriname",1964,59321,85371,49824,98362,16168,309046,144692,194516,148186,16168,0.468189201607528,0.629407919856591,0.479494961915055,0.0523158364774176
"SUR","Suriname",1968,64277,108693,58135,107723,15792,354620,172970,231105,165858,15792,0.487761547572049,0.651697591788393,0.467706277141729,0.0445321752862219
"SUR","Suriname",1972,65226,124601,75779,115593,16221,397420,189827,265606,191372,16221,0.477648331739721,0.668325700769966,0.481535906597554,0.0408157616627246
"SUR","Suriname",1976,55065,116793,81683,118267,16486,388294,171858,253541,199950,16486,0.442597619329683,0.652961415834393,0.514944861367932,0.0424575193023843
"SUR","Suriname",1980,50157,103633,85658,119831,16112,375391,153790,239448,205489,16112,0.40967950750018,0.637862921593752,0.547399911026103,0.0429205814737167
"SUR","Suriname",1984,52919,94590,93163,128204,13323,382199,147509,240672,221367,13323,0.385948157896802,0.629703374420132,0.57919303818168,0.0348588039215173
"SUR","Suriname",1988,58783,92667,91997,146043,12739,402229,151450,243447,238040,12739,0.376526804382578,0.605244773499673,0.591802182338916,0.0316710132785055
"SUR","Suriname",1992,57481,97879,85920,163317,13003,417600,155360,241280,249237,13003,0.372030651340996,0.577777777777778,0.596831896551724,0.0311374521072797
"SUR","Suriname",1996,53404,104901,82661,182813,15055,438834,158305,240966,265474,15055,0.360740052047015,0.549105128590766,0.604953125783326,0.0343068221696587
"SUR","Suriname",2000,55218,101852,89339,208811,21427,476647,157070,246409,298150,21427,0.329531078554989,0.516963287296469,0.625515318464188,0.0449536029808223
"SUR","Suriname",2004,57233,102152,95163,230637,28742,513927,159385,254548,325800,28742,0.310131594564987,0.495299916135949,0.63394217466683,0.055926230768183
"SUR","Suriname",2008,55312,109251,94847,246947,30891,537248,164563,259410,341794,30891,0.306307329203645,0.482849633688725,0.636194085413068,0.0574985853832867
"SUR","Suriname",2012,55665,111757,96276,265487,33449,562634,167422,263698,361763,33449,0.297568223747587,0.46868479331146,0.642981049847681,0.059450726404732
"SUR","Suriname",2016,55607,110621,103376,281421,36729,587754,166228,269604,384797,36729,0.282819002507852,0.458702110066456,0.654690567822592,0.0624904296695556
"SUR","Suriname",2020,53823,110480,109182,296068,42747,612300,164303,273485,405250,42747,0.2683374162992,0.446651967989548,0.661848766944308,0.0698138167564919
"SVK","Slovakia",1952,420013,640720,600150,1691680,239275,3591838,1060733,1660883,2291830,239275,0.295317606194934,0.462404763243777,0.638066082044903,0.0666163117601629
"SVK","Slovakia",1956,467943,726288,594049,1823716,256262,3868258,1194231,1788280,2417765,256262,0.308725788197168,0.462295948202007,0.625026820858381,0.066247390944451
"SVK","Slovakia",1960,452655,844981,609834,1932955,284008,4124433,1297636,1907470,2542789,284008,0.314621670421122,0.462480539749343,0.616518440231663,0.0688598893472145
"SVK","Slovakia",1964,421019,908631,669930,1991416,332284,4323280,1329650,1999580,2661346,332284,0.307555837234692,0.462514572269203,0.615584926259692,0.0768592365056161
"SVK","Slovakia",1968,398444,880533,767564,2030085,389797,4466423,1278977,2046541,2797649,389797,0.286353755566815,0.458205817048676,0.626373498434877,0.0872727459983078
"SVK","Slovakia",1972,394639,827489,871181,2070914,435555,4599778,1222128,2093309,2942095,435555,0.265692822566654,0.45508913691052,0.639616738025183,0.0946904394081627
"SVK","Slovakia",1976,454825,790776,882601,2172820,487465,4788487,1245601,2128202,3055421,487465,0.260124126890185,0.444441427949998,0.638076494725787,0.101799378384028
"SVK","Slovakia",1980,482314,816314,845734,2311601,520664,4976627,1298628,2144362,3157335,520664,0.260945415439011,0.430886622606034,0.634432719189121,0.104621865371867
"SVK","Slovakia",1984,457304,895179,786483,2502394,477995,5119355,1352483,2138966,3288877,477995,0.264190117700374,0.417819432330831,0.642439721410217,0.0933701608894089
"SVK","Slovakia",1988,429784,932807,780280,2566530,520232,5229633,1362591,2142871,3346810,520232,0.260551935479985,0.409755522041413,0.639970338262742,0.0994777262572727
"SVK","Slovakia",1992,391286,900956,839633,2618500,556019,5306394,1292242,2131875,3458133,556019,0.243525452501265,0.40175588167784,0.651691713807908,0.104782833690827
"SVK","Slovakia",1996,341210,844523,914619,2673717,588286,5362355,1185733,2100352,3588336,588286,0.221121690003739,0.391684623640173,0.669171660585694,0.109706649410567
"SVK","Slovakia",2000,287617,771797,922861,2788237,609387,5379899,1059414,1982275,3711098,609387,0.196920797211992,0.368459519407335,0.689808117215583,0.113271085572424
"SVK","Slovakia",2004,261770,670365,873382,2946169,624220,5375906,932135,1805517,3819551,624220,0.173391238611687,0.335853528688932,0.710494379924054,0.116114381464259
"SVK","Slovakia",2008,270190,575846,811804,3069217,651911,5378968,846036,1657840,3881021,651911,0.157285932915013,0.308207819789967,0.721517770695048,0.121196296389939
"SVK","Slovakia",2012,290659,540916,716509,3159032,697568,5404684,831575,1548084,3875541,697568,0.15386190941043,0.286433767450604,0.717070785267002,0.129067305322568
"SVK","Slovakia",2016,285443,550695,623228,3172125,795597,5427088,836138,1459366,3795353,795597,0.154067522030231,0.268904060520117,0.699335076195558,0.146597401774211
"SVK","Slovakia",2020,293601,571278,552194,3123469,914237,5454779,864879,1417073,3675663,914237,0.158554361230767,0.259785593513504,0.673842698301801,0.167602940467432
"SVN","Slovenia",1952,154371,253351,276163,683978,111805,1479668,407722,683885,960141,111805,0.275549650326965,0.462188139501564,0.648889480613219,0.0755608690598161
"SVN","Slovenia",1956,156965,270238,265622,739421,116518,1548764,427203,692825,1005043,116518,0.27583479471372,0.447340589011625,0.648932309893567,0.0752328953927132
"SVN","Slovenia",1960,145349,290745,258131,788805,122048,1605078,436094,694225,1046936,122048,0.271696453381082,0.432517921247441,0.652264874355016,0.0760386722639024
"SVN","Slovenia",1964,141487,300757,262213,821195,135700,1661352,442244,704457,1083408,135700,0.266195243392129,0.424026335177614,0.652124293948543,0.0816804626593281
"SVN","Slovenia",1968,144992,285297,283720,844924,157994,1716927,430289,714009,1128644,157994,0.250615780403011,0.415864506761208,0.657362834878827,0.0920213847181622
"SVN","Slovenia",1972,140000,282065,309320,859882,176945,1768212,422065,731385,1169202,176945,0.238695925601681,0.413629700511025,0.661234060169256,0.100070014229063
"SVN","Slovenia",1976,145558,284407,308190,896717,199470,1834342,429965,738155,1204907,199470,0.234397402447308,0.402408602103643,0.656860607236818,0.108741990315873
"SVN","Slovenia",1980,152228,285709,301313,950039,213763,1903052,437937,739250,1251352,213763,0.230123506872119,0.388454966022999,0.657550082709248,0.112326410418633
"SVN","Slovenia",1984,142950,291765,294520,1007003,196434,1932672,434715,729235,1301523,196434,0.224929527617723,0.377319586562024,0.673431911881582,0.101638560500695
"SVN","Slovenia",1988,129254,297199,295561,1066581,204890,1993485,426453,722014,1362142,204890,0.213923355329987,0.362186823577805,0.683296839454523,0.102779805215489
"SVN","Slovenia",1992,114523,281018,291385,1085001,223897,1995824,395541,686926,1376386,223897,0.198184308836851,0.344181651287889,0.689632953607132,0.112182737556017
"SVN","Slovenia",1996,98923,255507,297286,1084677,250348,1986741,354430,651716,1381963,250348,0.178397687469076,0.328032692736497,0.695592933351655,0.126009379179269
"SVN","Slovenia",2000,91629,225253,290303,1103323,276230,1986738,316882,607185,1393626,276230,0.15949863545168,0.305619059986772,0.701464410506066,0.139036954042254
"SVN","Slovenia",2004,89215,199875,271618,1132968,299759,1993435,289090,560708,1404586,299759,0.145021031536017,0.281277292713332,0.704605868764219,0.150373099699764
"SVN","Slovenia",2008,95607,186955,246589,1169504,326274,2024929,282562,529151,1416093,326274,0.139541682696035,0.261318298073661,0.699329704893357,0.161128612410608
"SVN","Slovenia",2012,110374,185746,219639,1192797,344536,2053092,296120,515759,1412436,344536,0.144231237567532,0.251210856600678,0.687955532435955,0.167813229996513
"SVN","Slovenia",2016,106388,201113,197481,1174791,381358,2061131,307501,504982,1372272,381358,0.149190420211039,0.245002379761403,0.66578592044853,0.18502365934043
"SVN","Slovenia",2020,100758,217511,199354,1161760,422731,2102114,318269,517623,1361114,422731,0.151404253051928,0.246239262000063,0.647497709448679,0.201098037499393
"SWE","Sweden",1952,580418,1104092,869768,3825466,744876,7124620,1684510,2554278,4695234,744876,0.236435066010538,0.358514278656265,0.659015358012076,0.104549575977385
"SWE","Sweden",1956,531928,1205019,890167,3878238,810107,7315459,1736947,2627114,4768405,810107,0.237435135649041,0.359118135991193,0.651825811613461,0.110739052737497
"SWE","Sweden",1960,522268,1156469,1035853,3890608,879320,7484518,1678737,2714590,4926461,879320,0.224294603874291,0.362694030530757,0.658220208702818,0.117485187422891
"SWE","Sweden",1964,534347,1075775,1191603,3901688,957682,7661095,1610122,2801725,5093291,957682,0.210168650826024,0.36570816573871,0.664825459023808,0.125005890150168
"SWE","Sweden",1968,597752,1058870,1237075,3966675,1051634,7912006,1656622,2893697,5203750,1051634,0.209380781561591,0.365734934983619,0.657702989608451,0.132916228829958
"SWE","Sweden",1972,561235,1126362,1165037,4115411,1154221,8122266,1687597,2852634,5280448,1154221,0.207774160560612,0.351211595384835,0.650120052704504,0.142105786734884
"SWE","Sweden",1976,542851,1153371,1093841,4169932,1262165,8222160,1696222,2790063,5263773,1262165,0.206298831450616,0.339334554423655,0.640193452815319,0.153507715734065
"SWE","Sweden",1980,487488,1140875,1125107,4203271,1353403,8310144,1628363,2753470,5328378,1353403,0.19594883073025,0.331338422053818,0.641189611154753,0.162861558114998
"SWE","Sweden",1984,472435,1055103,1159700,4232061,1416756,8336055,1527538,2687238,5391761,1416756,0.18324471227697,0.322363276154008,0.646800075095474,0.169955212627556
"SWE","Sweden",1988,505760,998638,1182675,4250712,1498034,8435819,1504398,2687073,5433387,1498034,0.178334551748917,0.31853137199838,0.644085298653278,0.177580149597804
"SWE","Sweden",1992,595146,996415,1129756,4413631,1532001,8666949,1591561,2721317,5543387,1532001,0.183635671561007,0.313987886625386,0.639600740698947,0.176763587740046
"SWE","Sweden",1996,566910,1096492,1078025,4556274,1541870,8839571,1663402,2741427,5634299,1541870,0.188176779167224,0.310131226956602,0.637395072679432,0.174428148153344
"SWE","Sweden",2000,463285,1171974,1025186,4679958,1530757,8871160,1635259,2660445,5705144,1530757,0.184334292245884,0.299898209478805,0.643111385658696,0.172554322095419
"SWE","Sweden",2004,479225,1112076,1085164,4769286,1546897,8992648,1591301,2676465,5854450,1546897,0.176955775428995,0.297628129111692,0.651026260563073,0.172017964007932
"SWE","Sweden",2008,531145,1010933,1208158,4842685,1625564,9218485,1542078,2750236,6050843,1625564,0.167281066248955,0.298339260735359,0.656381498695285,0.17633743505576
"SWE","Sweden",2012,570476,1027591,1237517,4877328,1804882,9517794,1598067,2835584,6114845,1804882,0.167903087627238,0.297924498050704,0.642464524867842,0.18963238750492
"SWE","Sweden",2016,591634,1147447,1174362,5047625,1960302,9921370,1739081,2913443,6221987,1960302,0.175286376780626,0.29365329586539,0.627129821788725,0.197583801430649
"SWE","Sweden",2020,598399,1237922,1156324,5284091,2074630,10351366,1836321,2992645,6440415,2074630,0.177398905613037,0.289106288001023,0.62218020307658,0.200420891310384
"SWZ","Eswatini",1952,53595,72063,53170,98952,7857,285637,125658,178828,152122,7857,0.439921998900703,0.626067351218505,0.532571060471858,0.0275069406274397
"SWZ","Eswatini",1956,59529,83684,57194,105249,8964,314620,143213,200407,162443,8964,0.45519356684254,0.636981120081368,0.516314919585532,0.028491513571928
"SWZ","Eswatini",1960,64695,97245,62290,111077,10032,345339,161940,224230,173367,10032,0.468930529132244,0.649304017212073,0.502019754502098,0.0290497163656581
"SWZ","Eswatini",1964,71177,109747,70211,116456,11069,378660,180924,251135,186667,11069,0.477800665504674,0.663220303174352,0.492967305762425,0.0292320287329002
"SWZ","Eswatini",1968,78559,119789,83048,125484,12274,419154,198348,281396,208532,12274,0.473210323651927,0.671342752305835,0.49750688291177,0.0292827934363026
"SWZ","Eswatini",1972,89641,130481,92679,139141,13849,465791,220122,312801,231820,13849,0.472576756528142,0.671547968938859,0.497691024515287,0.0297322189565707
"SWZ","Eswatini",1976,104849,145643,99800,157421,15626,523339,250492,350292,257221,15626,0.478641951010722,0.6693405230644,0.491499773569331,0.0298582754199477
"SWZ","Eswatini",1980,121748,168975,111003,177395,17536,596657,290723,401726,288398,17536,0.487253145442021,0.67329470700922,0.483356434266253,0.0293904202917254
"SWZ","Eswatini",1984,137339,199125,126222,198679,19425,680790,336464,462686,324901,19425,0.494225825878759,0.679631016906829,0.47724114631531,0.0285330278059313
"SWZ","Eswatini",1988,154584,235059,153399,235667,21097,799806,389643,543042,389066,21097,0.487171889183127,0.678967149533762,0.486450464237578,0.0263776465792955
"SWZ","Eswatini",1992,165609,274253,188793,292221,22549,943425,439862,628655,481014,22549,0.466239499695259,0.666353976203726,0.509859289291677,0.0239012110130641
"SWZ","Eswatini",1996,162409,301702,202008,300153,23574,989846,464111,666119,502161,23574,0.46887192553185,0.672952156193994,0.507312248572,0.0238158258961495
"SWZ","Eswatini",2000,149305,304752,231411,331096,24862,1041426,454057,685468,562507,24862,0.43599545238932,0.658201350840098,0.540131511984529,0.0238730356261511
"SWZ","Eswatini",2004,150751,293474,246676,354851,27415,1073167,444225,690901,601527,27415,0.413938371194791,0.643796352291861,0.560515744520657,0.0255458842845522
"SWZ","Eswatini",2008,153373,284344,253651,375841,30884,1098093,437717,691368,629492,30884,0.398615599953738,0.62960787474285,0.573259277675024,0.0281251223712381
"SWZ","Eswatini",2012,149077,277665,250602,411181,35339,1123864,426742,677344,661783,35339,0.37970964458333,0.602692140686062,0.588846159321768,0.0314441960949012
"SWZ","Eswatini",2016,144980,273168,244696,446720,39944,1149508,418148,662844,691416,39944,0.363762583644481,0.576632785504755,0.60148863687769,0.0347487794778288
"SWZ","Eswatini",2020,142425,271287,243747,489053,46213,1192725,413712,657459,732800,46213,0.346862856064893,0.551224297302396,0.614391414617787,0.0387457293173196
"SXM","Sint Maarten (Dutch part)",1952,274,336,236,646,180,1672,610,846,882,180,0.364832535885167,0.505980861244019,0.527511961722488,0.107655502392345
"SXM","Sint Maarten (Dutch part)",1956,327,540,299,757,177,2100,867,1166,1056,177,0.412857142857143,0.555238095238095,0.502857142857143,0.0842857142857143
"SXM","Sint Maarten (Dutch part)",1960,412,698,468,930,230,2738,1110,1578,1398,230,0.405405405405405,0.576333089846603,0.510591672753835,0.0840029218407597
"SXM","Sint Maarten (Dutch part)",1964,589,973,864,1291,228,3945,1562,2426,2155,228,0.395944233206591,0.614955640050697,0.546261089987326,0.0577946768060836
"SXM","Sint Maarten (Dutch part)",1968,863,1265,1281,1884,231,5524,2128,3409,3165,231,0.385228095582911,0.617125271542361,0.572954380883418,0.0418175235336713
"SXM","Sint Maarten (Dutch part)",1972,1044,1760,1506,2817,275,7402,2804,4310,4323,275,0.378816536071332,0.58227506079438,0.584031342880303,0.0371521210483653
"SXM","Sint Maarten (Dutch part)",1976,1281,2105,2090,3900,363,9739,3386,5476,5990,363,0.347674299209364,0.562275387616798,0.615052880172502,0.0372728206181333
"SXM","Sint Maarten (Dutch part)",1980,1568,2615,2218,5542,489,12432,4183,6401,7760,489,0.336470398970399,0.514880952380952,0.624195624195624,0.0393339768339768
"SXM","Sint Maarten (Dutch part)",1984,1919,3299,3769,8132,596,17715,5218,8987,11901,596,0.294552639006492,0.507310189105278,0.671803556308213,0.0336438046852949
"SXM","Sint Maarten (Dutch part)",1988,2570,3704,5033,12353,722,24382,6274,11307,17386,722,0.257320974489377,0.46374374538594,0.713067016651628,0.0296120088589943
"SXM","Sint Maarten (Dutch part)",1992,3624,4474,4654,17960,877,31589,8098,12752,22614,877,0.256355060305803,0.403684826996739,0.715882110861376,0.0277628288328216
"SXM","Sint Maarten (Dutch part)",1996,3065,5173,4134,18327,923,31622,8238,12372,22461,923,0.260514831446461,0.391246600468029,0.710296628929227,0.0291885396243122
"SXM","Sint Maarten (Dutch part)",2000,2718,5285,3706,18165,922,30796,8003,11709,21871,922,0.259871411871672,0.380211715807248,0.710189635017535,0.0299389531107936
"SXM","Sint Maarten (Dutch part)",2004,2607,5175,4062,18795,1075,31714,7782,11844,22857,1075,0.245380589014315,0.373462823989405,0.720722709213596,0.033896701772088
"SXM","Sint Maarten (Dutch part)",2008,2501,5198,4325,19694,1447,33165,7699,12024,24019,1447,0.232142318709483,0.362550881953867,0.724227348107945,0.043630333182572
"SXM","Sint Maarten (Dutch part)",2012,2396,5040,4559,20941,2104,35040,7436,11995,25500,2104,0.212214611872146,0.342323059360731,0.727739726027397,0.0600456621004566
"SXM","Sint Maarten (Dutch part)",2016,2359,4993,4675,23039,3208,38274,7352,12027,27714,3208,0.192088624131264,0.314234205988399,0.724094685687412,0.0838166901813241
"SXM","Sint Maarten (Dutch part)",2020,1924,5167,4364,24858,4714,41027,7091,11455,29222,4714,0.172837399761133,0.279206376288785,0.71226265629951,0.114899943939357
"SYC","Seychelles",1952,5159,7549,6213,16205,3884,39010,12708,18921,22418,3884,0.325762624967957,0.48502947962061,0.574673160728018,0.0995642143040246
"SYC","Seychelles",1956,5974,8423,6632,16331,3257,40617,14397,21029,22963,3257,0.354457493167885,0.517738877809784,0.565354408252702,0.0801880985794126
"SYC","Seychelles",1960,7038,9637,7055,16895,2622,43247,16675,23730,23950,2622,0.38557587809559,0.548708580942031,0.553795639003862,0.060628482900548
"SYC","Seychelles",1964,7796,11477,7266,17898,2726,47163,19273,26539,25164,2726,0.408646608570278,0.562708055043148,0.533553845175243,0.0577995462544791
"SYC","Seychelles",1968,8452,13925,7923,18570,3034,51904,22377,30300,26493,3034,0.43112284217016,0.583770036991369,0.510423088779285,0.0584540690505549
"SYC","Seychelles",1972,8279,16211,9674,19325,3424,56913,24490,34164,28999,3424,0.430305905504893,0.60028464498445,0.509532092843463,0.0601620016516437
"SYC","Seychelles",1976,8438,16983,12500,20975,3866,62762,25421,37921,33475,3866,0.405038080367101,0.604203180268315,0.533364137535451,0.0615977820974475
"SYC","Seychelles",1980,8018,16541,14759,22696,4267,66281,24559,39318,37455,4267,0.370528507415398,0.593201671670615,0.565094069190266,0.0643774233943362
"SYC","Seychelles",1984,8076,15947,15352,25121,4607,69103,24023,39375,40473,4607,0.3476404787057,0.569801600509385,0.585690925140732,0.0666685961535679
"SYC","Seychelles",1988,8226,15872,15195,27882,5053,72228,24098,39293,43077,5053,0.333637924350667,0.544013402004763,0.59640305698621,0.0699590186631223
"SYC","Seychelles",1992,8027,15760,14813,31758,5269,75627,23787,38600,46571,5269,0.314530524812567,0.510399724965951,0.6157985904505,0.0696708847369326
"SYC","Seychelles",1996,7945,15590,14873,34803,5689,78900,23535,38408,49676,5689,0.29828897338403,0.486793409378961,0.629607097591888,0.0721039290240811
"SYC","Seychelles",2000,7438,15572,15286,38851,6190,83337,23010,38296,54137,6190,0.276107851254545,0.459531780601654,0.649615416921655,0.0742767318237997
"SYC","Seychelles",2004,7173,15325,15524,43671,6478,88171,22498,38022,59195,6478,0.255163262297127,0.431230223089224,0.67136586859625,0.0734708691066224
"SYC","Seychelles",2008,7214,14500,15800,48325,6720,92559,21714,37514,64125,6720,0.234596311541827,0.405298242202271,0.692801348329174,0.0726023401289988
"SYC","Seychelles",2012,7668,14187,16552,54112,7043,99562,21855,38407,70664,7043,0.219511460195657,0.385759627166991,0.709748699302947,0.0707398405013961
"SYC","Seychelles",2016,8284,14970,17343,61442,7793,109832,23254,40597,78785,7793,0.211723359312404,0.369628159370675,0.717322820307379,0.0709538203802171
"SYC","Seychelles",2020,8618,16149,16438,69971,9120,120296,24767,41205,86409,9120,0.205883819910886,0.342530092438651,0.718303185475826,0.0758129946132872
"SYR","Syria",1952,660989,879968,682424,1286535,255308,3765224,1540957,2223381,1968959,255308,0.409260378665386,0.59050430996934,0.522932765753113,0.0678068555815006
"SYR","Syria",1956,758909,1037004,726264,1394952,243489,4160618,1795913,2522177,2121216,243489,0.431645731475468,0.606202492033635,0.509831952849312,0.0585223156752194
"SYR","Syria",1960,881969,1233758,791864,1530315,235581,4673487,2115727,2907591,2322179,235581,0.452708438046367,0.622145947982737,0.496883590346994,0.0504079716066398
"SYR","Syria",1964,1012319,1441772,915268,1669412,230308,5269079,2454091,3369359,2584680,230308,0.465753312865493,0.639458812441415,0.490537340586467,0.04370934654804
"SYR","Syria",1968,1157481,1698641,1068584,1827298,226722,5978726,2856122,3924706,2895882,226722,0.477714148465743,0.656445202539805,0.484364394688768,0.0379214568454885
"SYR","Syria",1972,1330520,1971019,1260298,2039052,225128,6826017,3301539,4561837,3299350,225128,0.483669905890946,0.668301441382288,0.483349221075775,0.0329808730332784
"SYR","Syria",1976,1523070,2279047,1464493,2309861,240831,7817302,3802117,5266610,3774354,240831,0.486372024516899,0.673711978889903,0.482820543456041,0.03080743202706
"SYR","Syria",1980,1736401,2627659,1699990,2633882,259716,8957648,4364060,6064050,4333872,259716,0.487188154747764,0.676968999005096,0.483818073672911,0.0289937715793253
"SYR","Syria",1984,1911378,3030604,2007617,3020323,288468,10258390,4941982,6949599,5027940,288468,0.481750255156998,0.677455136722234,0.490129542745012,0.02812020209799
"SYR","Syria",1988,2129552,3436579,2373018,3503674,339427,11782250,5566131,7939149,5876692,339427,0.472416643680112,0.673822826709669,0.498775021748817,0.0288083345710709
"SYR","Syria",1992,2261480,3852586,2769519,4095234,406731,13385550,6114066,8883585,6864753,406731,0.456766139605769,0.663669778231003,0.512848033887289,0.0303858265069422
"SYR","Syria",1996,2363109,4214227,3165770,4794854,480127,15018087,6577336,9743106,7960624,480127,0.437960973325031,0.648758127449921,0.530069109334631,0.0319699173403377
"SYR","Syria",2000,2464903,4498206,3540963,5581788,551998,16637858,6963109,10504072,9122751,551998,0.41850994280634,0.631335596204752,0.54831282969238,0.0331772275012805
"SYR","Syria",2004,2568109,4698458,3933184,6510485,626615,18336851,7266567,11199751,10443669,626615,0.396282164260374,0.610778317389393,0.569545392499508,0.0341724432401179
"SYR","Syria",2008,2848527,4996410,4654568,8407792,729235,21636532,7844937,12499505,13062360,729235,0.362578300441124,0.577703718876944,0.603717823170552,0.0337038763883232
"SYR","Syria",2012,3096937,5216516,4449844,9185325,811098,22759720,8313453,12763297,13635169,811098,0.365270442694374,0.560784447260335,0.599092124156185,0.0356374331494412
"SYR","Syria",2016,2329037,5385053,3489866,7165993,823854,19193803,7714090,11203956,10655859,823854,0.401905239936036,0.583727779221241,0.555171843745609,0.0429229163183555
"SYR","Syria",2020,1943063,5337610,4661281,8150233,957200,21049387,7280673,11941954,12811514,957200,0.345885274473789,0.567330250519885,0.608640717185731,0.0454740083404804
"TCA","Turks and Caicos Islands",1952,921,1223,802,1816,276,5038,2144,2946,2618,276,0.425565700674871,0.584755855498214,0.519650655021834,0.054783644303295
"TCA","Turks and Caicos Islands",1956,991,1331,796,1870,283,5271,2322,3118,2666,283,0.440523619806488,0.591538607474862,0.505786378296338,0.0536900018971732
"TCA","Turks and Caicos Islands",1960,980,1566,813,1957,304,5620,2546,3359,2770,304,0.453024911032028,0.597686832740214,0.49288256227758,0.0540925266903915
"TCA","Turks and Caicos Islands",1964,972,1580,880,1948,301,5681,2552,3432,2828,301,0.449216687202957,0.604118993135011,0.497799683154374,0.0529836296426685
"TCA","Turks and Caicos Islands",1968,924,1692,877,1884,302,5679,2616,3493,2761,302,0.460644479661912,0.615073076245818,0.486177143863356,0.0531783764747315
"TCA","Turks and Caicos Islands",1972,910,1792,1027,1874,333,5936,2702,3729,2901,333,0.455188679245283,0.628200808625337,0.488712938005391,0.0560983827493261
"TCA","Turks and Caicos Islands",1976,961,1934,1291,2117,374,6677,2895,4186,3408,374,0.433577954171035,0.626928261195148,0.510408866257301,0.0560131795716639
"TCA","Turks and Caicos Islands",1980,1002,2110,1544,2518,410,7584,3112,4656,4062,410,0.410337552742616,0.613924050632911,0.535601265822785,0.0540611814345992
"TCA","Turks and Caicos Islands",1984,1101,2142,2047,3384,453,9127,3243,5290,5431,453,0.355319382053249,0.579598992001753,0.595047660786677,0.0496329571600745
"TCA","Turks and Caicos Islands",1988,1241,2152,2311,4558,538,10800,3393,5704,6869,538,0.314166666666667,0.528148148148148,0.636018518518519,0.0498148148148148
"TCA","Turks and Caicos Islands",1992,1479,2365,2639,5939,570,12992,3844,6483,8578,570,0.295874384236453,0.498999384236453,0.660252463054187,0.0438731527093596
"TCA","Turks and Caicos Islands",1996,1747,2750,2887,7787,615,15786,4497,7384,10674,615,0.284872671987837,0.467756239706069,0.676168757126568,0.0389585708855948
"TCA","Turks and Caicos Islands",2000,1952,3235,2785,10024,758,18754,5187,7972,12809,758,0.276580996054175,0.425082649034873,0.683000959795244,0.0404180441505812
"TCA","Turks and Caicos Islands",2004,2229,3668,3343,12616,1025,22881,5897,9240,15959,1025,0.257724749792404,0.403828503998951,0.697478257069184,0.0447969931384118
"TCA","Turks and Caicos Islands",2008,2184,4378,3524,15799,1567,27452,6562,10086,19323,1567,0.239035407256302,0.36740492495993,0.703883141483316,0.0570814512603818
"TCA","Turks and Caicos Islands",2012,2203,4583,3815,19221,2330,32152,6786,10601,23036,2330,0.211059965165464,0.329715103259517,0.716471759144066,0.0724682756904703
"TCA","Turks and Caicos Islands",2016,2250,4722,4883,23151,3334,38340,6972,11855,28034,3334,0.181846635367762,0.309207094418362,0.731194574856547,0.0869587897756912
"TCA","Turks and Caicos Islands",2020,2568,4834,5476,27047,4478,44403,7402,12878,32523,4478,0.166700448167917,0.290025448730942,0.732450510100669,0.100849041731415
"TCD","Chad",1952,428553,589430,466358,1021144,110826,2616311,1017983,1484341,1487502,110826,0.389090975805246,0.567341191471503,0.568549381170664,0.04235964302409
"TCD","Chad",1956,476783,650040,496220,1079101,115515,2817659,1126823,1623043,1575321,115515,0.399914609965223,0.576025345863357,0.559088590918915,0.0409967991158618
"TCD","Chad",1960,515834,734446,530849,1147316,121397,3049842,1250280,1781129,1678165,121397,0.409949105560222,0.584006974787546,0.550246537361608,0.0398043570781699
"TCD","Chad",1964,560928,825519,571806,1217020,132208,3307481,1386447,1958253,1788826,132208,0.41918517445754,0.592067800238308,0.540842411490799,0.0399724140516605
"TCD","Chad",1968,616360,899882,641421,1278376,142189,3578228,1516242,2157663,1919797,142189,0.423741024887179,0.602997628994016,0.536521708510469,0.0397372666023518
"TCD","Chad",1972,696703,986162,719366,1338799,152223,3893253,1682865,2402231,2058165,152223,0.43225164149363,0.617024118391484,0.528649178463357,0.0390991800430129
"TCD","Chad",1976,799942,1095976,787222,1405841,162317,4251298,1895918,2683140,2193063,162317,0.445962150853692,0.631134302982289,0.515857274648825,0.0381805744974829
"TCD","Chad",1980,862333,1243422,822031,1417225,170450,4515461,2105755,2927786,2239256,170450,0.466343303596244,0.648391382408131,0.495908612653282,0.0377480837504742
"TCD","Chad",1984,940867,1406485,954792,1557854,185104,5045102,2347352,3302144,2512646,185104,0.465273447395117,0.654524725169085,0.498036709664146,0.0366898429407374
"TCD","Chad",1988,1091987,1543555,1093384,1697037,199613,5625576,2635542,3728926,2790421,199613,0.468492826334583,0.662852301702084,0.496024051581562,0.0354831220838542
"TCD","Chad",1992,1302148,1734393,1277108,1945321,215644,6474614,3036541,4313649,3222429,215644,0.468991819435105,0.666240334945064,0.497702102395602,0.0333060781692932
"TCD","Chad",1996,1521109,2022721,1429437,2208287,228505,7410059,3543830,4973267,3637724,228505,0.478245854722614,0.671150796505129,0.490917008892912,0.0308371363844741
"TCD","Chad",2000,1754492,2396467,1572683,2547854,240569,8512065,4150959,5723642,4120537,240569,0.487655933078519,0.672415212994732,0.484081947212574,0.0282621197089073
"TCD","Chad",2004,1999442,2829097,1825728,3009581,256124,9919972,4828539,6654267,4835309,256124,0.486749256953548,0.670794937727647,0.48743171855727,0.025819024489182
"TCD","Chad",2008,2327709,3261376,2152693,3466426,268042,11476246,5589085,7741778,5619119,268042,0.487013349138734,0.674591499694238,0.489630407016371,0.0233562438448949
"TCD","Chad",2012,2651403,3782115,2513523,3980925,283002,13210968,6433518,8947041,6494448,283002,0.486983088597293,0.677243408658624,0.491595165471599,0.0214217459311082
"TCD","Chad",2016,2966438,4366085,2908760,4563275,310068,15114626,7332523,10241283,7472035,310068,0.4851276505287,0.677574357446886,0.494357915306671,0.0205144341646297
"TCD","Chad",2020,3254062,5007913,3354368,5255623,352691,17224657,8261975,11616343,8609991,352691,0.479659769132123,0.674401992446061,0.499864293378962,0.0204759374889149
"TGO","Togo",1952,257309,355342,262531,514332,60412,1449926,612651,875182,776863,60412,0.422539495119061,0.603604597751885,0.535794930224025,0.0416655746569135
"TGO","Togo",1956,280477,393068,280236,543534,60326,1557641,673545,953781,823770,60326,0.432413502212641,0.612324020746757,0.528857419649329,0.0387290781380305
"TGO","Togo",1960,302245,434120,301482,575937,59334,1673118,736365,1037847,877419,59334,0.44011540130463,0.620307115218413,0.524421469376338,0.0354631293190319
"TGO","Togo",1964,329922,472657,330449,611470,58950,1803448,802579,1133028,941919,58950,0.445024752585048,0.628256539695073,0.522287861917837,0.0326873854971144
"TGO","Togo",1968,386345,547400,389351,693269,63861,2080226,933745,1323096,1082620,63861,0.448867094248413,0.636034738533217,0.520433837477274,0.0306990682743125
"TGO","Togo",1972,447945,634181,448592,783714,70566,2384998,1082126,1530718,1232306,70566,0.453721973771047,0.6418110203866,0.516690580034029,0.0295874461949234
"TGO","Togo",1976,499719,711283,494000,855805,76994,2637801,1211002,1705002,1349805,76994,0.459095284291726,0.646372489812537,0.51171600890287,0.0291887068054034
"TGO","Togo",1980,548124,800667,547302,939111,85703,2920907,1348791,1896093,1486413,85703,0.461771292273256,0.649145282612558,0.508887479128914,0.0293412285978294
"TGO","Togo",1984,609015,925624,632474,1067162,98563,3332838,1534639,2167113,1699636,98563,0.460460124374482,0.650230524255904,0.509966581033942,0.0295732945915763
"TGO","Togo",1988,669101,1047174,731324,1210468,111685,3769752,1716275,2447599,1941792,111685,0.455275307235065,0.649273214789726,0.515098075417163,0.0296266173477725
"TGO","Togo",1992,732038,1161218,842213,1374234,123916,4233619,1893256,2735469,2216447,123916,0.447195649868351,0.646130178459611,0.523534829185149,0.0292695209464999
"TGO","Togo",1996,766220,1237422,928896,1514595,130731,4577864,2003642,2932538,2443491,130731,0.437680542715992,0.640590895666625,0.533762252439129,0.0285572048448796
"TGO","Togo",2000,832669,1358445,1049641,1755866,143417,5140038,2191114,3240755,2805507,143417,0.42628361891488,0.630492420484051,0.545814447286187,0.027901933798933
"TGO","Togo",2004,920951,1473608,1147660,1997590,156704,5696513,2394559,3542219,3145250,156704,0.420355224327584,0.621822332363676,0.552136017244233,0.0275087584281823
"TGO","Togo",2008,1031965,1615592,1263232,2284026,173996,6368811,2647557,3910789,3547258,173996,0.415706636607681,0.614053235368423,0.556973350284692,0.0273200131076272
"TGO","Togo",2012,1162031,1794056,1370681,2577196,196778,7100742,2956087,4326768,3947877,196778,0.416306774700447,0.609340263313327,0.555980910164036,0.0277123151355168
"TGO","Togo",2016,1224055,2025805,1491441,2890596,226400,7858297,3249860,4741301,4382037,226400,0.413557797573698,0.603349682507546,0.557631888944895,0.028810313481407
"TGO","Togo",2020,1295929,2235998,1644995,3229523,263276,8669721,3531927,5176922,4874518,263276,0.407386466069669,0.597126712612782,0.562246236066882,0.0303672978634491
"THA","Thailand",1952,3679145,5401559,4351542,7425483,669461,21527190,9080704,13432246,11777025,669461,0.421824864276294,0.62396652791191,0.547076743411472,0.031098392312234
"THA","Thailand",1956,4329040,5964415,4730291,8268419,704976,23997141,10293455,15023746,12998710,704976,0.428945056413179,0.626063996540255,0.541677443992182,0.0293774995946392
"THA","Thailand",1960,4875857,7009025,5007671,9202884,756244,26851681,11884882,16892553,14210555,756244,0.442612214855375,0.62910597664258,0.529224036290316,0.0281637488543082
"THA","Thailand",1964,5462220,8226055,5388653,10303498,851641,30232067,13688275,19076928,15692151,851641,0.452773374708385,0.631016331102997,0.519056503811003,0.028170121480612
"THA","Thailand",1968,5992636,9379107,6242178,11420333,968247,34002501,15371743,21613921,17662511,968247,0.452076833995241,0.635656800657105,0.519447407706862,0.028475758297897
"THA","Thailand",1972,6137869,10553478,7411349,12707139,1123978,37933813,16691347,24102696,20118488,1123978,0.440012371021073,0.635388169388614,0.530357652155875,0.0296299768230523
"THA","Thailand",1976,6048012,11474701,8634237,14431398,1307968,41896316,17522713,26156950,23065635,1307968,0.418239947397762,0.624325776041979,0.55054088765227,0.0312191649499684
"THA","Thailand",1980,5786555,11876406,9828752,16658023,1500041,45649777,17662961,27491713,26486775,1500041,0.386923270183773,0.602231047043231,0.580216963600939,0.0328597662152873
"THA","Thailand",1984,5576946,11730578,10999603,19331624,1712587,49351338,17307524,28307127,30331227,1712587,0.350700197834555,0.573583780038547,0.614597865614099,0.0347019365513454
"THA","Thailand",1988,5269494,11432237,11753663,22531261,1982468,52969123,16701731,28455394,34284924,1982468,0.315310695251647,0.537207195218241,0.647262443820337,0.0374268609280165
"THA","Thailand",1992,5206931,10928858,11635450,26364870,2392256,56528365,16135789,27771239,38000320,2392256,0.285445881903713,0.491279714175352,0.672234549858288,0.0423195682379987
"THA","Thailand",1996,5093809,10743378,10955475,30128293,2998351,59919306,15837187,26792662,41083768,2998351,0.264308585283014,0.447145732962929,0.685651599502838,0.0500398152141482
"THA","Thailand",2000,4857257,10504840,10717747,33073262,3853301,63006407,15362097,26079844,43791009,3853301,0.243818013618837,0.4139236823963,0.695024698043804,0.0611572883373591
"THA","Thailand",2004,4603118,10157614,10724539,35252580,4711497,65449348,14760732,25485271,45977119,4711497,0.225529091596145,0.389389226612311,0.702483988075786,0.0719869203280681
"THA","Thailand",2008,4367665,9794578,10263236,37696723,5493671,67615873,14162243,24425479,47959959,5493671,0.209451455281809,0.361238832189595,0.709300299945843,0.0812482447723481
"THA","Thailand",2012,4128920,9221161,10231488,39499469,6350409,69431447,13350081,23581569,49730957,6350409,0.192277153607356,0.339638161365123,0.716259838283365,0.0914630081092794
"THA","Thailand",2016,3872141,8694510,10037439,40616003,7632833,70852926,12566651,22604090,50653442,7632833,0.177362484648834,0.319028320721716,0.714909670773512,0.107727844577654
"THA","Thailand",2020,3397329,8185045,9583036,41235765,9230164,71631339,11582374,21165410,50818801,9230164,0.161694227159428,0.295476955973139,0.709449267729031,0.128856505111541
"TJK","Tajikistan",1952,242210,322314,362131,645498,73406,1645559,564524,926655,1007629,73406,0.343059106358386,0.563124749705115,0.612332344206437,0.0446085494351767
"TJK","Tajikistan",1956,319192,338974,378950,743336,84972,1865424,658166,1037116,1122286,84972,0.352823808421035,0.555967972964859,0.601625153316351,0.0455510382626148
"TJK","Tajikistan",1960,382789,466062,341569,831275,90433,2112128,848851,1190420,1172844,90433,0.401893729925459,0.563611675049997,0.555290209684262,0.0428160603902794
"TJK","Tajikistan",1964,445369,617269,312866,932927,102829,2411260,1062638,1375504,1245793,102829,0.440698224164959,0.570450303990445,0.516656436883621,0.0426453389514196
"TJK","Tajikistan",1968,486599,743485,395657,1009210,118883,2753834,1230084,1625741,1404867,118883,0.446680518869329,0.590355482574476,0.510149486134604,0.0431699949960673
"TJK","Tajikistan",1972,533261,854966,545125,1059077,131253,3123682,1388227,1933352,1604202,131253,0.444420078612356,0.618933681469497,0.513561239588409,0.0420186817992356
"TJK","Tajikistan",1976,600226,949074,680954,1169270,140539,3540063,1549300,2230254,1850224,140539,0.437647578588291,0.630004042300942,0.522652845443711,0.0396995759679983
"TJK","Tajikistan",1980,675854,1050118,795618,1324028,149629,3995247,1725972,2521590,2119646,149629,0.432006331523433,0.631147460970498,0.530541916432201,0.0374517520443667
"TJK","Tajikistan",1984,761733,1179321,885264,1502530,151178,4480026,1941054,2826318,2387794,151178,0.433268467638357,0.630870892267143,0.532986638916828,0.0337448934448148
"TJK","Tajikistan",1988,925099,1282116,1004403,1723215,180148,5114981,2207215,3211618,2727618,180148,0.431519686974399,0.62788463925868,0.533260631857675,0.0352196811679261
"TJK","Tajikistan",1992,1026895,1474118,1055387,1893606,199384,5649390,2501013,3556400,2948993,199384,0.442704964606798,0.629519293233429,0.522002021457184,0.0352930139360179
"TJK","Tajikistan",1996,999226,1715412,1105226,2023929,222722,6066515,2714638,3819864,3129155,222722,0.447478989172532,0.629663653679254,0.515807675411666,0.036713335415803
"TJK","Tajikistan",2000,894408,1762345,1260444,2140124,227407,6284728,2656753,3917197,3400568,227407,0.422731580427984,0.623288231407946,0.541084355599797,0.0361840639722196
"TJK","Tajikistan",2004,888728,1776987,1481606,2397017,246195,6790533,2665715,4147321,3878623,246195,0.392563440896318,0.610750437410436,0.571180936754155,0.0362556223495269
"TJK","Tajikistan",2008,980673,1753850,1650837,2702168,250855,7338383,2734523,4385360,4353005,250855,0.37263290836687,0.597592139848792,0.593183130398073,0.0341839612350568
"TJK","Tajikistan",2012,1137029,1800369,1716650,3118648,241370,8014066,2937398,4654048,4835298,241370,0.36653029810336,0.580734922821948,0.60335140738796,0.0301182945086801
"TJK","Tajikistan",2016,1267630,1948237,1751577,3633549,264611,8865604,3215867,4967444,5385126,264611,0.362735240599512,0.560305197480059,0.607417836393324,0.0298469230071634
"TJK","Tajikistan",2020,1325690,2227395,1773950,4104440,317819,9749294,3553085,5327035,5878390,317819,0.364445363941225,0.546402129220844,0.602955455030898,0.0325991810278775
"TKL","Tokelau",1952,255,394,249,601,87,1586,649,898,850,87,0.409205548549811,0.566204287515763,0.5359394703657,0.0548549810844893
"TKL","Tokelau",1956,263,435,275,574,78,1625,698,973,849,78,0.429538461538462,0.598769230769231,0.522461538461538,0.048
"TKL","Tokelau",1960,334,473,317,599,82,1805,807,1124,916,82,0.447091412742382,0.622714681440443,0.507479224376731,0.0454293628808864
"TKL","Tokelau",1964,367,532,268,645,98,1910,899,1167,913,98,0.470680628272251,0.610994764397906,0.478010471204188,0.0513089005235602
"TKL","Tokelau",1968,314,586,238,610,96,1844,900,1138,848,96,0.488069414316703,0.617136659436009,0.459869848156182,0.052060737527115
"TKL","Tokelau",1972,269,540,233,519,102,1663,809,1042,752,102,0.486470234515935,0.626578472639808,0.452194828622971,0.0613349368610944
"TKL","Tokelau",1976,251,520,264,532,93,1660,771,1035,796,93,0.464457831325301,0.623493975903614,0.479518072289157,0.0560240963855422
"TKL","Tokelau",1980,231,499,292,562,95,1679,730,1022,854,95,0.434782608695652,0.608695652173913,0.508636092912448,0.0565812983918999
"TKL","Tokelau",1984,232,480,315,625,96,1748,712,1027,940,96,0.407322654462243,0.587528604118993,0.537757437070938,0.0549199084668192
"TKL","Tokelau",1988,250,441,340,650,106,1787,691,1031,990,106,0.386681589255736,0.576944599888081,0.55400111919418,0.0593172915500839
"TKL","Tokelau",1992,286,458,261,666,126,1797,744,1005,927,126,0.414023372287145,0.559265442404007,0.515859766277129,0.0701168614357262
"TKL","Tokelau",1996,266,439,258,705,127,1795,705,963,963,127,0.392757660167131,0.536490250696379,0.536490250696379,0.0707520891364903
"TKL","Tokelau",2000,256,471,269,749,121,1866,727,996,1018,121,0.389603429796356,0.533762057877814,0.545551982851018,0.0648445873526259
"TKL","Tokelau",2004,193,437,245,717,134,1726,630,875,962,134,0.365005793742758,0.506952491309386,0.557358053302433,0.0776361529548088
"TKL","Tokelau",2008,154,359,252,670,150,1585,513,765,922,150,0.323659305993691,0.482649842271293,0.581703470031546,0.0946372239747634
"TKL","Tokelau",2012,161,332,323,714,151,1681,493,816,1037,151,0.293277810826889,0.485425342058299,0.616894705532421,0.0898274836406901
"TKL","Tokelau",2016,158,346,301,737,161,1703,504,805,1038,161,0.295948326482678,0.47269524368761,0.6095126247798,0.094539048737522
"TKL","Tokelau",2020,196,434,368,984,170,2152,630,998,1352,170,0.29275092936803,0.463754646840149,0.628252788104089,0.078996282527881
"TKM","Turkmenistan",1952,187751,264496,276185,516447,75647,1320526,452247,728432,792632,75647,0.342474892580684,0.551622610989863,0.600239601492133,0.0572855059271836
"TKM","Turkmenistan",1956,241849,276691,289808,566838,82017,1457203,518540,808348,856646,82017,0.355846096940509,0.55472573141834,0.587870049677361,0.05628385338213
"TKM","Turkmenistan",1960,304038,359758,274581,623794,81285,1643456,663796,938377,898375,81285,0.403902507885821,0.570977866155224,0.546637695198411,0.0494597969157677
"TKM","Turkmenistan",1964,349744,478215,251563,697223,83251,1859996,827959,1079522,948786,83251,0.445140204602591,0.580389420192301,0.510101096991606,0.044758698405803
"TKM","Turkmenistan",1968,364881,583963,304499,738358,91371,2083072,948844,1253343,1042857,91371,0.455502258203269,0.601680114753595,0.500634159548974,0.0438635822477572
"TKM","Turkmenistan",1972,371289,663855,410550,764729,101003,2311426,1035144,1445694,1175279,101003,0.447837828249747,0.62545545477121,0.50846490434909,0.0436972674011627
"TKM","Turkmenistan",1976,398669,700819,519792,828922,110318,2558520,1099488,1619280,1348714,110318,0.429735941090943,0.632897143661179,0.527146162625268,0.0431178962837891
"TKM","Turkmenistan",1980,440166,729386,616743,926576,119325,2832196,1169552,1786295,1543319,119325,0.412948821338636,0.630710233331309,0.544919560651876,0.042131618009488
"TKM","Turkmenistan",1984,494644,787753,673319,1081161,117195,3154072,1282397,1955716,1754480,117195,0.406584567505117,0.620060670777332,0.556258703035314,0.0371567294595685
"TKM","Turkmenistan",1988,591018,872822,704637,1265419,125458,3559354,1463840,2168477,1970056,125458,0.411265639776207,0.609233304695178,0.553486952969556,0.0352474072542377
"TKM","Turkmenistan",1992,611017,1011762,748640,1428851,144410,3944680,1622779,2371419,2177491,144410,0.411384193394648,0.601168916109799,0.552007006905503,0.0366087996998489
"TKM","Turkmenistan",1996,570256,1142145,803348,1580051,168009,4263809,1712401,2515749,2383399,168009,0.401612970937488,0.59002384956737,0.558983528577382,0.0394035004851296
"TKM","Turkmenistan",2000,527379,1181881,922026,1767508,183870,4582664,1709260,2631286,2689534,183870,0.372983923761375,0.574182615177547,0.586893125919771,0.0401229503188538
"TKM","Turkmenistan",2004,533197,1153781,1070408,1993246,207443,4958075,1686978,2757386,3063654,207443,0.340248584380027,0.556140437569016,0.617911992053367,0.041839423566606
"TKM","Turkmenistan",2008,556946,1115158,1182467,2275323,215120,5345014,1672104,2854571,3457790,215120,0.312834353661188,0.534062399088197,0.646918791980713,0.040246854358099
"TKM","Turkmenistan",2012,655425,1071260,1233395,2639225,209219,5808524,1726685,2960080,3872620,209219,0.297267429729136,0.509609670201931,0.666713264850072,0.0360193054207919
"TKM","Turkmenistan",2016,771099,1130754,1219567,3010234,228363,6360017,1901853,3121420,4229801,228363,0.299032691264819,0.490787996321393,0.665061272634963,0.035906036100218
"TKM","Turkmenistan",2020,824416,1345857,1119941,3395761,263917,6949892,2170273,3290214,4515702,263917,0.312274349011467,0.473419443064727,0.649751391820189,0.0379742591683439
"TLS","East Timor",1952,67744,113939,79933,147541,13271,422428,181683,261616,227474,13271,0.430092228734838,0.61931500752791,0.538491766644257,0.0314160046209058
"TLS","East Timor",1956,65332,118327,88821,157197,13026,442703,183659,272480,246018,13026,0.414858268410198,0.615491650158232,0.555717941825558,0.0294237897642437
"TLS","East Timor",1960,71522,116209,99915,168601,11883,468130,187731,287646,268516,11883,0.401023220045714,0.614457522483071,0.573592805417299,0.0253839745369876
"TLS","East Timor",1964,78266,115038,108978,183980,12402,498664,193304,302282,292958,12402,0.387643784191359,0.606183722907609,0.587485761955946,0.0248704538526944
"TLS","East Timor",1968,84391,125480,108798,201166,14045,533880,209871,318669,309964,14045,0.393105192178018,0.596892560125871,0.580587397917135,0.0263074099048475
"TLS","East Timor",1972,89375,138365,107302,222416,15517,572975,227740,335042,329718,15517,0.397469348575418,0.584741044548191,0.575449190627863,0.0270814607967189
"TLS","East Timor",1976,87210,149581,113245,241638,15958,607632,236791,350036,354883,15958,0.389694749453617,0.576065776654291,0.584042644232035,0.0262626063143482
"TLS","East Timor",1980,90670,152602,128556,261911,16138,649877,243272,371828,390467,16138,0.374335451169991,0.572151345562314,0.600832157469798,0.0248323913602112
"TLS","East Timor",1984,116123,153507,138993,260934,17229,686786,269630,408623,399927,17229,0.392596820552545,0.594978639634471,0.582316762426724,0.0250864170207313
"TLS","East Timor",1988,131265,170622,144436,267398,17032,730753,301887,446323,411834,17032,0.413117701877379,0.610771355026938,0.563574833083135,0.0233074650394867
"TLS","East Timor",1992,138880,201339,146056,295651,17397,799323,340219,486275,441707,17397,0.42563394272403,0.608358573442776,0.552601388925378,0.0217646683505917
"TLS","East Timor",1996,148171,235402,154739,333822,20155,892289,383573,538312,488561,20155,0.429875298249782,0.603293327610225,0.547536728571124,0.0225879731790933
"TLS","East Timor",2000,122631,194804,134256,275741,17663,745095,317435,451691,409997,17663,0.426032921976392,0.606219341157839,0.550261376066139,0.0237057019574685
"TLS","East Timor",2004,153764,236846,178363,335904,24204,929081,390610,568973,514267,24204,0.4204262061112,0.612404085327329,0.553522244023933,0.0260515498648665
"TLS","East Timor",2008,160768,274367,201276,358575,37445,1032431,435135,636411,559851,37445,0.421466422453413,0.616419886655864,0.542264809948558,0.0362687675980283
"TLS","East Timor",2012,156849,307284,228746,386732,55280,1134891,464133,692879,615478,55280,0.408967028551641,0.610524711183717,0.542323447802476,0.0487095236458832
"TLS","East Timor",2016,156203,316030,259476,430394,66211,1228314,472233,731709,689870,66211,0.384456254671037,0.595701913354403,0.561639776148444,0.053903969180519
"TLS","East Timor",2020,165304,312148,286779,488413,73407,1326051,477452,764231,775192,73407,0.360055533309051,0.576320971063707,0.584586867322599,0.0553575993683501
"TON","Tonga",1952,9246,14106,10207,16657,2163,52379,23352,33559,26864,2163,0.445827526298707,0.640695698657859,0.51287729815384,0.0412951755474522
"TON","Tonga",1956,10927,15887,11422,18885,1997,59118,26814,38236,30307,1997,0.45356744138841,0.646774248113942,0.512652660780135,0.0337798978314557
"TON","Tonga",1960,12325,17926,12555,21315,2066,66187,30251,42806,33870,2066,0.457053499932011,0.646743318174264,0.511731911100367,0.031214588967622
"TON","Tonga",1964,13609,20319,13740,23934,2289,73891,33928,47668,37674,2289,0.459162820911884,0.645112395284947,0.509859116807189,0.0309780622809273
"TON","Tonga",1968,14684,22905,14880,26345,2553,81367,37589,52469,41225,2553,0.461968611353497,0.644843732717195,0.506655032138336,0.0313763565081667
"TON","Tonga",1972,15158,25321,16061,28038,2791,87369,40479,56540,44099,2791,0.463310785289977,0.647140290034223,0.504744245670661,0.0319449690393618
"TON","Tonga",1976,15594,28345,18635,29703,3066,95343,43939,62574,48338,3066,0.460851871663363,0.656304081054718,0.506990549909275,0.0321575784273623
"TON","Tonga",1980,15166,28183,19976,31082,3378,97785,43349,63325,51058,3378,0.443309301017538,0.647594211791174,0.522145523342026,0.0345451756404356
"TON","Tonga",1984,14832,26749,21079,31559,3789,98008,41581,62660,52638,3789,0.424261284793078,0.639335564443719,0.537078605828096,0.0386601093788262
"TON","Tonga",1988,15110,25635,22173,31816,4251,98985,40745,62918,53989,4251,0.411628024448149,0.635631661362833,0.545426074657776,0.0429459008940749
"TON","Tonga",1992,14158,26317,20953,33960,4657,100045,40475,61428,54913,4657,0.404567944425009,0.614003698335749,0.548883002648808,0.0465490529261832
"TON","Tonga",1996,14150,25651,20394,34952,5147,100294,39801,60195,55346,5147,0.396843280754582,0.600185454762997,0.551837597463457,0.051319121781961
"TON","Tonga",2000,14193,25157,20774,37018,5553,102695,39350,60124,57792,5553,0.383173474852719,0.58546180437217,0.56275378548128,0.0540727396660013
"TON","Tonga",2004,14446,25693,20455,38589,5905,105088,40139,60594,59044,5905,0.381956074908648,0.576602466504263,0.561852923264312,0.0561910018270402
"TON","Tonga",2008,14486,26231,20283,39883,6153,107036,40717,61000,60166,6153,0.380404723644381,0.569901715310737,0.5621099443178,0.0574853320378191
"TON","Tonga",2012,14054,25965,20104,40963,6387,107473,40019,60123,61067,6387,0.372363291245243,0.55942422748039,0.568207828943083,0.0594288798116736
"TON","Tonga",2016,13326,25202,19788,40851,6367,105534,38528,58316,60639,6367,0.365076657759585,0.552580211116796,0.574592074592075,0.0603312676483408
"TON","Tonga",2020,12203,25612,19951,41250,6705,105721,37815,57766,61201,6705,0.357686741517768,0.546400431323956,0.578891610938224,0.0634216475440073
"TTO","Trinidad and Tobago",1952,115523,166082,111936,264824,25074,683439,281605,393541,376760,25074,0.412041162415373,0.575824616388588,0.551270852263333,0.0366879853212942
"TTO","Trinidad and Tobago",1956,127656,197957,124642,287064,24372,761691,325613,450255,411706,24372,0.427486999321247,0.591125535157958,0.54051577345669,0.0319972272220625
"TTO","Trinidad and Tobago",1960,138174,226320,147423,307641,25393,844951,364494,511917,455064,25393,0.43137886102271,0.605854067277274,0.538568508706422,0.0300526302708678
"TTO","Trinidad and Tobago",1964,148283,246427,165730,321593,30938,912971,394710,560440,487323,30938,0.432335747794837,0.613863967201587,0.533777086019162,0.0338871661860015
"TTO","Trinidad and Tobago",1968,139184,271150,187408,332174,39085,969001,410334,597742,519582,39085,0.423460863301483,0.616864172482794,0.53620378100745,0.0403353556910674
"TTO","Trinidad and Tobago",1972,127465,275812,217003,351319,43312,1014911,403277,620280,568322,43312,0.397352083089059,0.611166890495817,0.559972253724711,0.0426756631862301
"TTO","Trinidad and Tobago",1976,132010,260581,241086,386831,45793,1066301,392591,633677,627917,45793,0.368180279301998,0.594275912711326,0.588874060888999,0.0429456598090033
"TTO","Trinidad and Tobago",1980,141347,244449,254863,432037,49044,1121740,385796,640659,686900,49044,0.343926400057054,0.571129673542889,0.612352238486637,0.0437213614563089
"TTO","Trinidad and Tobago",1984,154853,247523,244906,473826,51871,1172979,402376,647282,718732,51871,0.343037684391622,0.551827441070982,0.61274072255343,0.0442215930549481
"TTO","Trinidad and Tobago",1988,152032,268754,227084,527373,54823,1230066,420786,647870,754457,54823,0.342084083293092,0.526695315535914,0.613346763506999,0.0445691531999096
"TTO","Trinidad and Tobago",1992,130093,287115,223422,573140,57907,1271677,417208,640630,796562,57907,0.328077019557639,0.503767859291314,0.626387046396215,0.0455359340461454
"TTO","Trinidad and Tobago",1996,110302,278418,241416,609654,61143,1300933,388720,630136,851070,61143,0.298800937481023,0.484372369676225,0.654199716664886,0.0469993458540909
"TTO","Trinidad and Tobago",2000,97305,245518,263655,648510,64787,1319775,342823,606478,912165,64787,0.259758670985585,0.459531359512038,0.691151900892198,0.0490894281222178
"TTO","Trinidad and Tobago",2004,94038,211228,273640,696620,69856,1345382,305266,578906,970260,69856,0.226899126047472,0.430291173807885,0.721178074331305,0.0519227996212228
"TTO","Trinidad and Tobago",2008,94224,191731,253078,753978,79071,1372082,285955,539033,1007056,79071,0.208409555697108,0.392857715500969,0.733961964372392,0.0576284799304998
"TTO","Trinidad and Tobago",2012,95188,185237,219885,807718,95783,1403811,280425,500310,1027603,95783,0.199759796724773,0.356394129979036,0.732009508402484,0.0682306948727428
"TTO","Trinidad and Tobago",2016,92950,186883,195622,839949,121618,1437022,279833,475455,1035571,121618,0.194731187135618,0.330861322930338,0.720636844808221,0.0846319680561606
"TTO","Trinidad and Tobago",2020,89010,188622,188450,860259,154667,1481008,277632,466082,1048709,154667,0.187461512699459,0.314705930015233,0.708104885321349,0.104433601979193
"TUN","Tunisia",1952,630155,921338,656158,1392202,158326,3758179,1551493,2207651,2048360,158326,0.412831054614482,0.587425718679179,0.545040563528241,0.0421283818572772
"TUN","Tunisia",1956,704524,1035932,715455,1465336,161348,4082595,1740456,2455911,2180791,161348,0.426311206475293,0.601556363048502,0.534167851574795,0.0395209419499118
"TUN","Tunisia",1960,751451,1093874,756323,1499617,166012,4267277,1845325,2601648,2255940,166012,0.432436188229637,0.609674038034091,0.528660314294104,0.0389034974762595
"TUN","Tunisia",1964,804975,1172762,803732,1535844,172551,4489864,1977737,2781469,2339576,172551,0.440489288762421,0.619499610678631,0.521079480358425,0.0384312308791536
"TUN","Tunisia",1968,870748,1315165,893245,1621383,179345,4879886,2185913,3079158,2514628,179345,0.447943456056146,0.630989740334098,0.515304660805601,0.0367518831382536
"TUN","Tunisia",1972,903328,1494338,1024978,1783609,190298,5396551,2397666,3422644,2808587,190298,0.444295995720229,0.634228046765425,0.520441111369095,0.0352628929106757
"TUN","Tunisia",1976,976309,1641614,1190573,1977546,210939,5996981,2617923,3808496,3168119,210939,0.436540152453376,0.635068878824195,0.52828564906242,0.035174198484204
"TUN","Tunisia",1980,1032867,1739212,1362383,2229958,241758,6606178,2772079,4134462,3592341,241758,0.419619180712357,0.625847804888091,0.543785075122105,0.0365957441655372
"TUN","Tunisia",1984,1058486,1819858,1537080,2529007,275605,7220036,2878344,4415424,4066087,275605,0.398660616096651,0.611551521349755,0.563167136562754,0.038172247340595
"TUN","Tunisia",1988,1095942,1985763,1644107,2925825,322792,7974429,3081705,4725812,4569932,322792,0.386448358873093,0.592620738111782,0.573073257031945,0.0404783840949615
"TUN","Tunisia",1992,1041255,2121878,1750520,3391368,377467,8682488,3163133,4913653,5141888,377467,0.364311819377119,0.565926840325031,0.592213660416231,0.0434745202066504
"TUN","Tunisia",1996,973208,2144961,1910845,3818973,446420,9294407,3118169,5029014,5729818,446420,0.335488751460959,0.541079597654805,0.616480212239468,0.0480310362995724
"TUN","Tunisia",2000,879839,2067912,2046325,4234958,535874,9764908,2947751,4994076,6281283,535874,0.301871866073905,0.511430932068177,0.643250607174179,0.0548775267519162
"TUN","Tunisia",2004,831298,1886028,2147500,4687404,613900,10166130,2717326,4864826,6834904,613900,0.267292076729296,0.47853273566244,0.672321129082552,0.0603867941881522
"TUN","Tunisia",2008,862855,1730894,2071204,5204832,672797,10542582,2593749,4664953,7276036,672797,0.246025973523374,0.442486764627489,0.690156927401655,0.0638170990749704
"TUN","Tunisia",2012,986183,1678512,1928512,5686802,729561,11009570,2664695,4593207,7615314,729561,0.24203443004586,0.41720130758967,0.691699494167347,0.0662660757867928
"TUN","Tunisia",2016,1077873,1788205,1786156,6050793,825542,11528569,2866078,4652234,7836949,825542,0.248606570338435,0.403539589345391,0.679785062656085,0.07160836700548
"TUN","Tunisia",2020,1021923,1981571,1652005,6326892,991528,11973919,3003494,4655499,7978897,991528,0.250836338545467,0.388803281532137,0.666356353337617,0.0828073081169164
"TUR","Turkey",1952,3760253,5288647,4174537,8212201,853841,22289479,9048900,13223437,12386738,853841,0.405971804006724,0.593259133602899,0.555721288954309,0.0383069070389667
"TUR","Turkey",1956,4275852,5997190,4520039,9260383,1003905,25057369,10273042,14793081,13780422,1003905,0.409980872293496,0.590368486013037,0.549954865572678,0.0400642621338258
"TUR","Turkey",1960,4787626,7114627,4926464,10322949,1178012,28329678,11902253,16828717,15249413,1178012,0.420133719839668,0.594031354680417,0.538284021442107,0.0415822587182248
"TUR","Turkey",1964,5393771,8068945,5476420,11216454,1387297,31542887,13462716,18939136,16692874,1387297,0.426806715567919,0.600424938909365,0.529211990012201,0.0439812944198798
"TUR","Turkey",1968,5863482,9117205,6210055,12134022,1596681,34921445,14980687,21190742,18344077,1596681,0.428982449036688,0.606811716983647,0.525295473884314,0.0457220770789983
"TUR","Turkey",1972,6160154,10103552,7106345,13254255,1805630,38429936,16263706,23370051,20360600,1805630,0.423204087563404,0.608120997130987,0.529810926565165,0.0469849858714311
"TUR","Turkey",1976,6321576,10898885,7982005,14695215,2001984,41899665,17220461,25202466,22677220,2001984,0.410992808653721,0.60149564441625,0.541226761598213,0.047780429748066
"TUR","Turkey",1980,6596144,11475642,8913213,16302771,2120322,45408092,18071786,26984999,25215984,2120322,0.397986024165032,0.594277315153431,0.555319170864964,0.046694804970004
"TUR","Turkey",1984,6855118,12226988,9956434,18257708,2276618,49572866,19082106,29038540,28214142,2276618,0.384930457722578,0.585774887415224,0.569144862433413,0.0459246798440098
"TUR","Turkey",1988,6905830,12899384,10941982,20651176,2509562,53907934,19805214,30747196,31593158,2509562,0.367389594266402,0.570364948506467,0.586057666390999,0.0465527393425984
"TUR","Turkey",1992,6791906,13404386,11691579,23286412,2814123,57988406,20196292,31887871,34977991,2814123,0.34828155131562,0.549900802584572,0.60318938582309,0.0485290628612899
"TUR","Turkey",1996,6782681,13417841,12404765,26119899,3224198,61949384,20200522,32605287,38524664,3224198,0.326081079353428,0.526321407812546,0.621873237674163,0.0520456829724086
"TUR","Turkey",2000,6714319,13054338,12924087,28930521,3800740,65424005,19768657,32692744,41854608,3800740,0.302162134525393,0.499705635569085,0.639743898283207,0.0580939671914002
"TUR","Turkey",2004,6502246,12905866,12903037,31847308,4431520,68589977,19408112,32311149,44750345,4431520,0.282958427001659,0.471076830948638,0.652432716226162,0.0646088567721782
"TUR","Turkey",2008,6272784,12862645,12404101,34970280,5051117,71560927,19135429,31539530,47374381,5051117,0.26740051872162,0.440736744508634,0.662014635444843,0.0705848458335371
"TUR","Turkey",2012,6222914,12658011,12645542,38150628,5518633,75195728,18880925,31526467,50796170,5518633,0.25109039439049,0.419258750975853,0.675519359291262,0.0733902463182483
"TUR","Turkey",2016,6728843,12504118,13625879,42457332,6332827,81648999,19232961,32858840,56083211,6332827,0.235556604925432,0.402440206278585,0.686881795084836,0.0775615999897317
"TUR","Turkey",2020,6570606,13032383,13538970,45232589,7714241,86088789,19602989,33141959,58771559,7714241,0.227706641337468,0.384974157320299,0.682685395888192,0.0896079627743399
"TUV","Tuvalu",1952,814,896,1005,2122,235,5072,1710,2715,3127,235,0.337145110410095,0.535291798107255,0.616522082018927,0.0463328075709779
"TUV","Tuvalu",1956,974,982,917,2306,229,5408,1956,2873,3223,229,0.361686390532544,0.53125,0.595968934911243,0.042344674556213
"TUV","Tuvalu",1960,973,1322,666,2428,230,5619,2295,2961,3094,230,0.408435664709023,0.526962092899092,0.550631785015127,0.0409325502758498
"TUV","Tuvalu",1964,898,1644,526,2467,236,5771,2542,3068,2993,236,0.440478253335644,0.531623635418472,0.518627620862935,0.0408941258014209
"TUV","Tuvalu",1968,868,1625,971,1935,245,5644,2493,3464,2906,245,0.441708008504607,0.613749114103473,0.514883061658398,0.043408929836995
"TUV","Tuvalu",1972,733,1623,1099,1996,261,5712,2356,3455,3095,261,0.412464985994398,0.604866946778711,0.541841736694678,0.0456932773109244
"TUV","Tuvalu",1976,720,1725,1361,2340,281,6427,2445,3806,3701,281,0.380426326435351,0.592189201804886,0.575851874902754,0.0437217986618951
"TUV","Tuvalu",1980,880,1627,1772,2802,306,7387,2507,4279,4574,306,0.339379991877623,0.579260863679437,0.619195884662245,0.0414241234601327
"TUV","Tuvalu",1984,1153,1350,1778,3280,365,7926,2503,4281,5058,365,0.315796114055009,0.540121120363361,0.638152914458743,0.0460509714862478
"TUV","Tuvalu",1988,1283,1575,1537,3697,447,8539,2858,4395,5234,447,0.334699613537885,0.514697271343249,0.61295233633915,0.0523480501229652
"TUV","Tuvalu",1992,1309,1898,1322,4004,527,9060,3207,4529,5326,527,0.353973509933775,0.499889624724062,0.587858719646799,0.0581677704194261
"TUV","Tuvalu",1996,1283,2109,1301,4086,584,9363,3392,4693,5387,584,0.362277047954715,0.501228238812346,0.575349781053081,0.0623731709922034
"TUV","Tuvalu",2000,1231,2233,1459,4067,576,9566,3464,4923,5526,576,0.362115826886891,0.514635166213673,0.577670917833995,0.0602132552791135
"TUV","Tuvalu",2004,1158,2333,1643,4142,563,9839,3491,5134,5785,563,0.354812480943185,0.521800996036183,0.587966256733408,0.0572212623234069
"TUV","Tuvalu",2008,1171,2289,1910,4382,592,10344,3460,5370,6292,592,0.334493426140758,0.519141531322506,0.608275328692962,0.05723124516628
"TUV","Tuvalu",2012,1314,2250,2061,4745,590,10960,3564,5625,6806,590,0.325182481751825,0.513229927007299,0.620985401459854,0.0538321167883212
"TUV","Tuvalu",2016,1242,2233,2011,4868,597,10951,3475,5486,6879,597,0.31732261893891,0.500958816546434,0.628161811706693,0.0545155693543969
"TUV","Tuvalu",2020,1163,2135,1861,4662,602,10423,3298,5159,6523,602,0.316415619303464,0.494963062458026,0.625827496881896,0.0577568838146407
"TWN","Taiwan",1952,1492600,1996424,1549290,2928050,182633,8148997,3489024,5038314,4477340,182633,0.428153796105214,0.618274126251366,0.549434488686154,0.0224117152086324
"TWN","Taiwan",1956,1884659,2293278,1703769,3355529,228472,9465707,4177937,5881706,5059298,228472,0.441376116966223,0.621369962116934,0.534487070009668,0.024136813024109
"TWN","Taiwan",1960,2006249,2959001,1908248,3914243,258522,11046263,4965250,6873498,5822491,258522,0.449495906443654,0.622246455656542,0.527100522593025,0.0234035709633204
"TWN","Taiwan",1964,2070526,3632812,2081181,4613670,308492,12706681,5703338,7784519,6694851,308492,0.448845611218224,0.61263196896184,0.526876451844506,0.0242779369372695
"TWN","Taiwan",1968,2035617,3968382,2599097,5237681,374804,14215581,6003999,8603096,7836778,374804,0.422353402228161,0.605187786556174,0.551280879761439,0.0263657180104
"TWN","Taiwan",1972,1945144,4145868,3327703,5583662,448234,15450611,6091012,9418715,8911365,448234,0.394224668526054,0.609601458479538,0.576764569375282,0.0290107620986639
"TWN","Taiwan",1976,1848329,4167723,3818547,6302279,534603,16671481,6016052,9834599,10120826,534603,0.360858882303258,0.589905539885749,0.60707420054643,0.032066917150312
"TWN","Taiwan",1980,2051898,3824256,4091956,7403087,715271,18086468,5876154,9968110,11495043,715271,0.324892289638862,0.551136352327055,0.635560409030663,0.0395473013304754
"TWN","Taiwan",1984,2024378,3874433,4064644,8450583,892625,19306663,5898811,9963455,12515227,892625,0.305532395733017,0.516063029639042,0.648233565790215,0.0462340384767684
"TWN","Taiwan",1988,1736742,3983126,3935158,9455264,1113216,20223506,5719868,9655026,13390422,1113216,0.282832660172771,0.477416032610765,0.662121691461411,0.0550456483658175
"TWN","Taiwan",1992,1623295,3813120,3836544,10338890,1370052,20981901,5436415,9272959,14175434,1370052,0.259100212130445,0.441950374277336,0.675602939886143,0.065296847983412
"TWN","Taiwan",1996,1596992,3455991,3905260,11102503,1648276,21709022,5052983,8958243,15007763,1648276,0.232759587235206,0.412650694259741,0.691314560370338,0.0759258523944561
"TWN","Taiwan",2000,1416489,3210068,3928331,11877045,1900584,22332517,4626557,8554888,15805376,1900584,0.207166841068564,0.383068688585348,0.707729272074437,0.0851038868569987
"TWN","Taiwan",2004,1239296,3076740,3598817,12688126,2141886,22744865,4316036,7914853,16286943,2141886,0.189758699381157,0.347984171372308,0.71607120991925,0.0941700906995931
"TWN","Taiwan",2008,1036493,2811866,3289682,13549386,2397870,23085297,3848359,7138041,16839068,2397870,0.166701732275742,0.309202909540215,0.729428259034311,0.103870008689947
"TWN","Taiwan",2012,967623,2416184,3180596,14187990,2591783,23344176,3383807,6564403,17368586,2591783,0.144952942438405,0.281200887107774,0.744022234924891,0.111024822636704
"TWN","Taiwan",2016,1058430,2108719,2954534,14403420,3057970,23583073,3167149,6121683,17357954,3057970,0.134297553164509,0.259579529775445,0.736034443009187,0.129668003826304
"TWN","Taiwan",2020,950461,2037146,2607413,14310178,3753831,23659029,2987607,5595020,16917591,3753831,0.126277667608421,0.236485614012308,0.715058551219494,0.158663781172084
"TZA","Tanzania",1952,1438496,2190771,1558812,2640743,180256,8009078,3629267,5188079,4199555,180256,0.453144169653486,0.64777481253148,0.5243493695529,0.0225064607936144
"TZA","Tanzania",1956,1588342,2403382,1736167,2939435,207450,8874776,3991724,5727891,4675602,207450,0.449783070581162,0.645412458860933,0.52684169155368,0.0233752378651585
"TZA","Tanzania",1960,1830196,2615223,1944883,3273217,237898,9901417,4445419,6390302,5218100,237898,0.448967960848432,0.645392674604049,0.527005377109155,0.0240266620424127
"TZA","Tanzania",1964,2108368,2893855,2189106,3663135,273358,11127822,5002223,7191329,5852241,273358,0.449523994902147,0.646247666434636,0.525910730779123,0.0245652743187301
"TZA","Tanzania",1968,2432296,3337131,2390972,4125020,316652,12602071,5769427,8160399,6515992,316652,0.457815782818554,0.647544280618638,0.51705723606858,0.0251269811128663
"TZA","Tanzania",1972,2829918,3846747,2666210,4757758,378667,14479300,6676665,9342875,7423968,378667,0.46111794078443,0.645257367414171,0.512729759035312,0.0261523001802573
"TZA","Tanzania",1976,3297594,4477515,3036999,5459937,464155,16736200,7775109,10812108,8496936,464155,0.464568360798748,0.646031237676414,0.507698043761427,0.0277335954398251
"TZA","Tanzania",1980,3753065,5296031,3428888,6149937,561827,19189748,9049096,12477984,9578825,561827,0.471558876124897,0.650242202242572,0.499163668016902,0.029277455858201
"TZA","Tanzania",1984,4142519,6207844,3922643,6847564,658462,21779032,10350363,14273006,10770207,658462,0.475244400210257,0.655355389532464,0.494521841007442,0.0302337587823003
"TZA","Tanzania",1988,4489002,7071337,4653987,7817418,737900,24769644,11560339,16214326,12471405,737900,0.46671397457307,0.654604725041668,0.503495528639814,0.0297904967871157
"TZA","Tanzania",1992,4851019,7773120,5506136,8516090,811169,27457534,12624139,18130275,14022226,811169,0.459769584551912,0.660302378210658,0.510687740566942,0.0295426748811456
"TZA","Tanzania",1996,5335958,8490964,6439067,9794968,884710,30945667,13826922,20265989,16234035,884710,0.446812860747193,0.654889390492052,0.52459799945498,0.0285891397978269
"TZA","Tanzania",2000,5998271,9264776,7088926,10951438,956595,34260006,15263047,22351973,18040364,956595,0.445506255894993,0.652421747970505,0.526572120273417,0.0279216238315895
"TZA","Tanzania",2004,6712063,10328825,7727942,12297128,1043505,38109463,17040888,24768830,20025070,1043505,0.447156340145753,0.649939097803608,0.525461878064249,0.0273817817899979
"TZA","Tanzania",2008,7536359,11672320,8422978,13770098,1168660,42570415,19208679,27631657,22193076,1168660,0.451221323541243,0.64908122225259,0.52132627788571,0.0274523985730466
"TZA","Tanzania",2012,8102994,13262195,9335852,15308299,1364453,47373793,21365189,30701041,24644151,1364453,0.450991732918662,0.648059592779493,0.52020641454654,0.028801852534797
"TZA","Tanzania",2016,9016598,14784149,10772498,17659963,1590160,53823368,23800747,34573245,28432461,1590160,0.442200997157963,0.64234636896004,0.528254957958038,0.0295440448839991
"TZA","Tanzania",2020,10111638,16333864,12329260,20357274,1839951,60971987,26445502,38774762,32686534,1839951,0.433732002206193,0.635943880260947,0.536091008482305,0.0301769893115014
"UGA","Uganda",1952,1175829,1394846,1165693,2182940,157701,6077009,2570675,3736368,3348633,157701,0.423016487222579,0.614836673765005,0.551033082228445,0.0259504305489757
"UGA","Uganda",1956,1327364,1697828,1189804,2441782,148651,6805429,3025192,4214996,3631586,148651,0.444526274537579,0.619357868548772,0.53363072335337,0.0218430021090515
"UGA","Uganda",1960,1461295,2077987,1246604,2696704,158360,7640950,3539282,4785886,3943308,158360,0.463199209522376,0.62634698564969,0.516075618869381,0.0207251716082424
"UGA","Uganda",1964,1614080,2407039,1444112,2929904,191210,8586345,4021119,5465231,4374016,191210,0.468315563840027,0.636502609666861,0.509415356592357,0.0222690795676158
"UGA","Uganda",1968,1831410,2685035,1792417,3164082,235671,9708615,4516445,6308862,4956499,235671,0.465199722102483,0.649821009484875,0.510525857704729,0.0242744201927875
"UGA","Uganda",1972,2096248,3006294,2120064,3377101,286081,10885788,5102542,7222606,5497165,286081,0.468734279962094,0.663489496580312,0.504985491174364,0.0262802288635421
"UGA","Uganda",1976,2320706,3393381,2350218,3631089,341907,12037301,5714087,8064305,5981307,341907,0.474698356384043,0.669942954820188,0.496897684954459,0.0284039586614973
"UGA","Uganda",1980,2540661,3811933,2595902,3926634,400619,13275749,6352594,8948496,6522536,400619,0.478511155943066,0.674048296634713,0.491312090941159,0.0301767531157752
"UGA","Uganda",1984,2799695,4214074,2916106,4224302,453502,14607679,7013769,9929875,7140408,453502,0.48014260170969,0.679770893103552,0.488811946100404,0.0310454521899064
"UGA","Uganda",1988,3260836,4655363,3355181,4688854,510249,16470483,7916199,11271380,8044035,510249,0.48062943873595,0.684338158146303,0.488390959755096,0.0309796015089539
"UGA","Uganda",1992,3800428,5290527,3804101,5326425,563539,18785020,9090955,12895056,9130526,563539,0.483947049297792,0.686454206596533,0.486053568215525,0.0299993824866835
"UGA","Uganda",1996,4331369,6165709,4153278,5981053,600099,21231508,10497078,14650356,10134331,600099,0.49441038290827,0.690028988991267,0.477325068007416,0.0282645490843137
"UGA","Uganda",2000,4815838,7198610,4642068,6721525,622047,24000088,12014448,16656516,11363593,622047,0.500600164466064,0.694018955263831,0.473481305568546,0.0259185299653901
"UGA","Uganda",2004,5374713,8224751,5373763,7551556,629612,27154395,13599464,18973227,12925319,629612,0.500819996173732,0.6987166165919,0.475993628287428,0.02318637553884
"UGA","Uganda",2008,5911360,9308298,6260390,8430191,629158,30539397,15219658,21480048,14690581,629158,0.498361444399181,0.703355341298978,0.481037035538063,0.020601520062757
"UGA","Uganda",2012,6410100,10441323,7276039,9554786,654953,34337201,16851423,24127462,16830825,654953,0.490762860956547,0.702662456383676,0.490162986785091,0.0190741522583626
"UGA","Uganda",2016,6839230,11599267,8415515,11185223,759482,38798717,18438497,26854012,19600738,759482,0.475234709436397,0.692136598228235,0.50519036492882,0.0195749256347832
"UGA","Uganda",2020,7431132,12674073,9755719,13679584,915726,44456234,20105205,29860924,23435303,915726,0.452247147160508,0.671692613458891,0.527154481866368,0.0205983709731238
"UKR","Ukraine",1952,3556332,6419177,7149705,18339850,2840619,38305683,9975509,17125214,25489555,2840619,0.260418512835289,0.44706718843781,0.665424892698037,0.0741565944666748
"UKR","Ukraine",1956,3903572,5824420,7471561,20267901,2950781,40418235,9727992,17199553,27739462,2950781,0.240683246064555,0.425539437830474,0.686310572443354,0.0730061814920914
"UKR","Ukraine",1960,4081310,7333349,7363846,20920319,3124559,42823383,11414659,18778505,28284165,3124559,0.266552014351599,0.438510544577947,0.660484133166219,0.0729638524821825
"UKR","Ukraine",1964,4074936,7965424,6300078,23113399,3496768,44950605,12040360,18340438,29413477,3496768,0.267857573885824,0.40801315132466,0.654351081592784,0.0777913445213919
"UKR","Ukraine",1968,3578735,8304346,6506377,24158776,4065626,46613860,11883081,18389458,30665153,4065626,0.254925916883948,0.394506226259743,0.657854831159659,0.0872192519563924
"UKR","Ukraine",1972,3583089,7939151,7639142,24136135,4648728,47946245,11522240,19161382,31775277,4648728,0.240315795324535,0.399643016882761,0.662727122843509,0.0969570818319558
"UKR","Ukraine",1976,3684522,7330005,7998914,24766083,5340529,49120053,11014527,19013441,32764997,5340529,0.22423687124279,0.387081035926407,0.667039121476518,0.108724007280692
"UKR","Ukraine",1980,3626943,7072615,8009723,25312685,5932442,49954408,10699558,18709281,33322408,5932442,0.214186463785138,0.374527128817141,0.667056408715723,0.118757127499139
"UKR","Ukraine",1984,3792466,7195326,7635504,26456682,5806688,50886666,10987792,18623296,34092186,5806688,0.215926741987773,0.365975951342538,0.66996305083143,0.114110207180797
"UKR","Ukraine",1988,3895015,7333404,7212007,27271108,6011997,51723531,11228419,18440426,34483115,6011997,0.217085314612415,0.356519086061623,0.666681379505974,0.116233305881611
"UKR","Ukraine",1992,3567145,7628989,7132841,27469751,6523432,52322158,11196134,18328975,34602592,6523432,0.213984560805003,0.350309996770393,0.661337248360437,0.12467819083456
"UKR","Ukraine",1996,2727702,7628179,7028730,26984469,6855531,51224611,10355881,17384611,34013199,6855531,0.202166122842787,0.339380049172067,0.664001118524843,0.133832758632369
"UKR","Ukraine",2000,2149725,6701692,7348731,26708908,6646185,49555241,8851417,16200148,34057639,6646185,0.178617171895098,0.326910891221375,0.687266135987513,0.134116692117389
"UKR","Ukraine",2004,1965613,5298487,7643526,25841970,7228218,47977814,7264100,14907626,33485496,7228218,0.151405397503104,0.310719158651122,0.697937092340222,0.150657510156674
"UKR","Ukraine",2008,2239514,4319643,7174779,25855694,7227572,46817202,6559157,13733936,33030473,7227572,0.140101431093639,0.293352345148691,0.705520013776133,0.154378555130228
"UKR","Ukraine",2012,2532136,4115392,5995921,26815665,6748193,46207307,6647528,12643449,32811586,6748193,0.143863134027698,0.273624450782211,0.710095180400797,0.146041685571505
"UKR","Ukraine",2016,2430745,4530337,4700827,26870982,7079975,45612866,6961082,11661909,31571809,7079975,0.152612247605752,0.25567148093698,0.692168937597563,0.155218814796685
"UKR","Ukraine",2020,1931079,4897548,4089828,26122918,7631880,44673253,6828627,10918455,30212746,7631880,0.152857169367093,0.244406983301619,0.676305036483464,0.170837794149443
"URY","Uruguay",1952,219658,408723,397439,1068110,187127,2281057,628381,1025820,1465549,187127,0.27547799112429,0.449712567463242,0.642486794499217,0.082035214376493
"URY","Uruguay",1956,236211,421444,401949,1143115,195609,2398328,657655,1059604,1545064,195609,0.274213952386829,0.441809460590878,0.644225477082367,0.0815605705308031
"URY","Uruguay",1960,253581,444221,406510,1218535,207076,2529923,697802,1104312,1625045,207076,0.275819461699032,0.436500241311692,0.642329825848455,0.0818507124525134
"URY","Uruguay",1964,266290,473292,412758,1279221,221575,2653136,739582,1152340,1691979,221575,0.27875766639931,0.434331297000983,0.637727956652053,0.0835143769486374
"URY","Uruguay",1968,267802,501196,423146,1321941,240461,2754546,768998,1192144,1745087,240461,0.279174136137135,0.432791465453835,0.633529808541952,0.0872960553209131
"URY","Uruguay",1972,264356,512850,436795,1346929,260637,2821567,777206,1214001,1783724,260637,0.2754519031446,0.430257725582983,0.632174958099524,0.0923731387558757
"URY","Uruguay",1976,280289,510887,455633,1360873,283600,2891282,791176,1246809,1816506,283600,0.273641934615856,0.431230506052332,0.628270089185351,0.0980879761987935
"URY","Uruguay",1980,281467,516646,471967,1371456,310262,2951798,798113,1270080,1843423,310262,0.270381984133061,0.430273345262786,0.624508519891944,0.105109495974996
"URY","Uruguay",1984,259312,536311,477047,1402307,327316,3002293,795623,1272670,1879354,327316,0.265005114424208,0.423899332943187,0.625972881394321,0.109022004181471
"URY","Uruguay",1988,261145,536549,481302,1440950,347765,3067711,797694,1278996,1922252,347765,0.260029057495964,0.416921932998252,0.626607917108228,0.113363025395808
"URY","Uruguay",1992,270166,517076,503928,1472472,375754,3139396,787242,1291170,1976400,375754,0.250762248534431,0.41127974935306,0.629547849331528,0.119689902134041
"URY","Uruguay",1996,271903,517462,515817,1497445,403320,3205947,789365,1305182,2013262,403320,0.246218979914515,0.407112781340428,0.627977318402332,0.125803701683153
"URY","Uruguay",2000,265488,530273,507989,1535802,426180,3265732,795761,1303750,2043791,426180,0.243670025586913,0.399221369052941,0.625829369954424,0.130500604458663
"URY","Uruguay",2004,249977,529162,492544,1566496,444338,3282517,779139,1271683,2059040,444338,0.23736023301631,0.387410941055294,0.627274740694412,0.135365026289277
"URY","Uruguay",2008,239487,514702,500051,1585937,461188,3301365,754189,1254240,2085988,461188,0.228447626966421,0.379915580373573,0.631856217049614,0.139696155983964
"URY","Uruguay",2012,233117,492291,513191,1617692,477995,3334286,725408,1238599,2130883,477995,0.217560221288756,0.371473532864307,0.639082250292866,0.143357528418378
"URY","Uruguay",2016,234810,474183,509760,1663856,495204,3377813,708993,1218753,2173616,495204,0.209897054691897,0.360811270487739,0.643498026681761,0.146604918626342
"URY","Uruguay",2020,205836,467420,494984,1709806,518926,3396972,673256,1168240,2204790,518926,0.198192978923583,0.34390627888602,0.649045679505159,0.152761341571258
"USA","United States",1952,17825549,26929064,22247066,78837388,12951369,158790436,44754613,67001679,101084454,12951369,0.281847031391739,0.421950343407332,0.636590317064184,0.0815626515440766
"USA","United States",1956,19263386,31446771,22213970,81579998,14316246,168820371,50710157,72924127,103793968,14316246,0.300379371870946,0.431962840550801,0.614818978214424,0.0848016499146303
"USA","United States",1960,20694758,35668386,24429470,83561135,15917026,180270775,56363144,80792614,107990605,15917026,0.312658244243971,0.448173665420809,0.599046656342383,0.0882950994136459
"USA","United States",1964,20654375,38991705,29402476,86142895,17622440,192813891,59646080,89048556,115545371,17622440,0.309345346907604,0.461836828965813,0.599258540973067,0.0913961121193286
"USA","United States",1968,18621121,41313235,34158016,89569010,19341728,203003110,59934356,94092372,123727026,19341728,0.295238609891248,0.463502120731057,0.60948340151045,0.0952779885983027
"USA","United States",1972,17785860,40468093,38641855,94879970,21055362,212831140,58253953,96895808,133521825,21055362,0.273709725935782,0.455270821741593,0.627360380628511,0.0989298934357068
"USA","United States",1976,16224146,37848017,41919763,102122762,23038139,221152827,54072163,95991926,144042525,23038139,0.244501342051576,0.434052448264656,0.651325723274611,0.104172934673813
"USA","United States",1980,16985569,34500982,42798183,110114128,25439690,229838552,51486551,94284734,152912311,25439690,0.224011814171193,0.410221580233415,0.66530314287744,0.110685042951367
"USA","United States",1984,18299429,33614923,40870694,118823177,27718493,239326716,51914352,92785046,159693871,27718493,0.216918331842234,0.387691970001377,0.667263035523372,0.115818632634394
"USA","United States",1988,18797516,34234310,38210452,127072862,30044516,248359656,53031826,91242278,165283314,30044516,0.213528343750001,0.367379627873216,0.665499850748706,0.120971805501293
"USA","United States",1992,19947653,36705656,36456324,134339664,32117329,259566626,56653309,93109633,170795988,32117329,0.218261145021009,0.358711882320341,0.658004423111005,0.123734431867986
"USA","United States",1996,19515562,39211005,37146414,141432771,33511759,270817511,58726567,95872981,178579185,33511759,0.216849223608735,0.354013227010273,0.659407821675165,0.1237429547161
"USA","United States",2000,19054650,40517070,39698848,147912417,34257271,281440256,59571720,99270568,187611265,34257271,0.211667374265038,0.352723414236803,0.666611335799808,0.121721289935154
"USA","United States",2004,19718269,40443424,42026119,155139099,35413348,292740259,60161693,102187812,197165218,35413348,0.20551219434427,0.349073312803211,0.673515896561395,0.120971909094335
"USA","United States",2008,20559237,40156250,43757795,162416436,38027880,304917598,60715487,104473282,206174231,38027880,0.199120967101413,0.342627918772993,0.676163764742762,0.124715268155825
"USA","United States",2012,20384260,41473481,44306001,168532327,42359032,317055101,61857741,106163742,212838328,42359032,0.195100917174646,0.334843191814788,0.671297598835983,0.133601483989371
"USA","United States",2016,19995277,42770125,44051595,174253747,48048786,329119530,62765402,106816997,218305342,48048786,0.190707011522531,0.324553808763643,0.663301086994139,0.14599190148333
"USA","United States",2020,19400195,43031814,44418928,178031340,54493366,339375643,62432009,106850937,222450268,54493366,0.183961372266188,0.314845626679225,0.655469161055851,0.160569466677961
"UZB","Uzbekistan",1952,890675,1178275,1361461,2719382,386670,6536463,2068950,3430411,4080843,386670,0.316524395533181,0.524811507385569,0.624319758254579,0.0591558462122405
"UZB","Uzbekistan",1956,1207752,1293452,1320717,3003484,426602,7252007,2501204,3821921,4324201,426602,0.344898177842355,0.527015624778079,0.596276451470607,0.0588253706870388
"UZB","Uzbekistan",1960,1500155,1769162,1224049,3248779,466947,8209092,3269317,4493366,4472828,466947,0.398255617064591,0.547364556274921,0.544862696142277,0.0568816867931313
"UZB","Uzbekistan",1964,1820974,2403241,1202595,3581199,549524,9557533,4224215,5426810,4783794,549524,0.441977547971846,0.567804474229909,0.500526024864366,0.057496427163788
"UZB","Uzbekistan",1968,1936977,3007229,1574800,3876362,636684,11032052,4944206,6519006,5451162,636684,0.448167394424899,0.590915089957879,0.494120404798672,0.0577122007764285
"UZB","Uzbekistan",1972,2009694,3509453,2130130,4142551,673189,12465017,5519147,7649277,6272681,673189,0.442770916397467,0.613659572225212,0.503222819511598,0.0540062640909355
"UZB","Uzbekistan",1976,2198913,3793674,2731309,4610731,663917,13998544,5992587,8723896,7342040,663917,0.428086449562183,0.623200241396534,0.52448597511284,0.0474275753249767
"UZB","Uzbekistan",1980,2361623,4018919,3289139,5297983,652221,15619885,6380542,9669681,8587122,652221,0.408488410766148,0.619062240214957,0.549755776050848,0.0417558131830036
"UZB","Uzbekistan",1984,2638188,4327906,3655383,6137127,620210,17378814,6966094,10621477,9792510,620210,0.400838285052133,0.611173869517218,0.563474009216049,0.0356877057318181
"UZB","Uzbekistan",1988,3060338,4732712,3869370,7141892,656274,19460586,7793050,11662420,11011262,656274,0.400452997664099,0.599284111999505,0.565823762963767,0.033723239372134
"UZB","Uzbekistan",1992,3218030,5343571,4094364,8024711,804395,21485071,8561601,12655965,12119075,804395,0.39849070082198,0.589058560709434,0.56406958115242,0.0374397180256002
"UZB","Uzbekistan",1996,3203715,5939648,4421712,8787396,999483,23351954,9143363,13565075,13209108,999483,0.391545949431041,0.580896784911447,0.565653221139439,0.0428008294295201
"UZB","Uzbekistan",2000,2817268,6288537,4885953,9648979,1146279,24787016,9105805,13991758,14534932,1146279,0.367361888175648,0.564479322561457,0.586392972837069,0.0462451389872827
"UZB","Uzbekistan",2004,2533677,6084532,5525760,10590757,1294578,26029304,8618209,14143969,16116517,1294578,0.331096405804781,0.54338636945498,0.619168188285019,0.0497354059102003
"UZB","Uzbekistan",2008,2704744,5518619,6092034,11825844,1353502,27494743,8223363,14315397,17917878,1353502,0.29908855667427,0.520659422057518,0.651683778240808,0.0492276650849219
"UZB","Uzbekistan",2012,3082969,5176010,6160971,13467293,1374614,29261857,8258979,14419950,19628264,1374614,0.282243843922824,0.492789982535968,0.670779848319264,0.0469763077579116
"UZB","Uzbekistan",2016,3395605,5529672,5756951,15090921,1511353,31284502,8925277,14682228,20847872,1511353,0.285293881296241,0.469313144252704,0.666396159990017,0.0483099587137427
"UZB","Uzbekistan",2020,3804818,6182315,5228501,16587751,1782890,33586275,9987133,15215634,21816252,1782890,0.297357566446413,0.453031305198329,0.649558547353048,0.0530838862005388
"VAT","Vatican",1952,68,238,195,361,39,901,306,501,556,39,0.339622641509434,0.556048834628191,0.617092119866815,0.0432852386237514
"VAT","Vatican",1956,35,212,206,422,51,926,247,453,628,51,0.266738660907127,0.489200863930886,0.678185745140389,0.0550755939524838
"VAT","Vatican",1960,40,143,226,475,45,929,183,409,701,45,0.196986006458558,0.440258342303552,0.754574811625404,0.0484391819160387
"VAT","Vatican",1964,41,69,244,529,48,931,110,354,773,48,0.118152524167562,0.380236305048335,0.830290010741139,0.0515574650912997
"VAT","Vatican",1968,40,61,145,476,63,785,101,246,621,63,0.128662420382166,0.313375796178344,0.791082802547771,0.0802547770700637
"VAT","Vatican",1972,31,65,83,508,59,746,96,179,591,59,0.128686327077748,0.239946380697051,0.792225201072386,0.0790884718498659
"VAT","Vatican",1976,30,65,60,525,66,746,95,155,585,66,0.127345844504021,0.207774798927614,0.784182305630027,0.0884718498659517
"VAT","Vatican",1980,30,63,62,514,85,754,93,155,576,85,0.123342175066313,0.205570291777188,0.763925729442971,0.112732095490716
"VAT","Vatican",1984,30,60,65,501,88,744,90,155,566,88,0.120967741935484,0.208333333333333,0.760752688172043,0.118279569892473
"VAT","Vatican",1988,29,60,65,479,104,737,89,154,544,104,0.120759837177748,0.208955223880597,0.738127544097693,0.141112618724559
"VAT","Vatican",1992,21,60,61,461,133,736,81,142,522,133,0.110054347826087,0.192934782608696,0.709239130434783,0.18070652173913
"VAT","Vatican",1996,20,53,60,427,149,709,73,133,487,149,0.10296191819464,0.187588152327221,0.68688293370945,0.21015514809591
"VAT","Vatican",2000,19,45,60,393,184,701,64,124,453,184,0.0912981455064194,0.176890156918688,0.646219686162625,0.262482168330956
"VAT","Vatican",2004,15,40,57,349,206,667,55,112,406,206,0.0824587706146927,0.16791604197901,0.608695652173913,0.308845577211394
"VAT","Vatican",2008,13,36,49,311,239,648,49,98,360,239,0.0756172839506173,0.151234567901235,0.555555555555556,0.368827160493827
"VAT","Vatican",2012,10,31,41,254,276,612,41,82,295,276,0.0669934640522876,0.133986928104575,0.48202614379085,0.450980392156863
"VAT","Vatican",2016,10,25,37,227,272,571,35,72,264,272,0.0612959719789842,0.126094570928196,0.462346760070053,0.476357267950963
"VAT","Vatican",2020,10,21,33,224,248,536,31,64,257,248,0.0578358208955224,0.119402985074627,0.479477611940299,0.462686567164179
"VCT","Saint Vincent and the Grenadines",1952,13154,16212,10139,21498,4192,65195,29366,39505,31637,4192,0.450433315438301,0.605951376639313,0.485267275097784,0.0642994094639159
"VCT","Saint Vincent and the Grenadines",1956,14776,20515,11997,23221,3564,74073,35291,47288,35218,3564,0.476435408313421,0.638397256760223,0.475449894023463,0.0481146976631161
"VCT","Saint Vincent and the Grenadines",1960,16549,24790,14206,25539,3323,84407,41339,55545,39745,3323,0.489757958463161,0.658061535180731,0.47087326880472,0.0393687727321194
"VCT","Saint Vincent and the Grenadines",1964,16882,25963,15964,27376,3587,89772,42845,58809,43340,3587,0.477264625941273,0.655092902018447,0.482778594662033,0.0399567793966938
"VCT","Saint Vincent and the Grenadines",1968,16390,27472,17446,28735,4096,94139,43862,61308,46181,4096,0.465928042575341,0.651249747713488,0.490561828785094,0.0435101286395649
"VCT","Saint Vincent and the Grenadines",1972,15836,28969,18765,29540,4695,97805,44805,63570,48305,4695,0.458105413833649,0.649966770614999,0.493890905372936,0.0480036807934155
"VCT","Saint Vincent and the Grenadines",1976,15875,29659,20677,29701,5306,101218,45534,66211,50378,5306,0.449860696714023,0.654142543816317,0.497717797229742,0.0524215060562351
"VCT","Saint Vincent and the Grenadines",1980,15296,29988,23629,29401,5914,104228,45284,68913,53030,5914,0.434470583720306,0.661175499865679,0.508788425375139,0.0567409909045554
"VCT","Saint Vincent and the Grenadines",1984,14564,28969,24579,33366,6226,107704,43533,68112,57945,6226,0.404191116393077,0.63239991086682,0.538002302607146,0.0578065809997772
"VCT","Saint Vincent and the Grenadines",1988,13775,28772,23866,37570,6694,110677,42547,66413,61436,6694,0.384424948272902,0.600061440046261,0.555092747363951,0.0604823043631468
"VCT","Saint Vincent and the Grenadines",1992,12549,27912,23815,40955,7292,112523,40461,64276,64770,7292,0.359579819236956,0.571225438354825,0.575615651911165,0.0648045288518792
"VCT","Saint Vincent and the Grenadines",1996,11966,25436,23413,44749,7570,113134,37402,60815,68162,7570,0.330599112556791,0.53754839393993,0.602489083741404,0.0669118037018049
"VCT","Saint Vincent and the Grenadines",2000,11810,23863,22638,47262,7986,113559,35673,58311,69900,7986,0.31413626396851,0.513486381528545,0.615539058991361,0.0703246770401289
"VCT","Saint Vincent and the Grenadines",2004,10309,22446,21458,50192,8448,112853,32755,54213,71650,8448,0.290244831772306,0.480385988852755,0.634896724056959,0.0748584441707354
"VCT","Saint Vincent and the Grenadines",2008,9026,20598,19701,52768,8950,111043,29624,49325,72469,8950,0.266779535855479,0.444197292940573,0.652621056707762,0.0805994074367587
"VCT","Saint Vincent and the Grenadines",2012,8744,18236,18626,53389,9755,108750,26980,45606,72015,9755,0.248091954022989,0.419365517241379,0.662206896551724,0.0897011494252874
"VCT","Saint Vincent and the Grenadines",2016,8295,16558,17506,53640,10360,106359,24853,42359,71146,10360,0.233670869413966,0.398264368788725,0.668923175283709,0.0974059553023251
"VCT","Saint Vincent and the Grenadines",2020,7191,15833,15468,53879,11164,103535,23024,38492,69347,11164,0.222378905684068,0.371777659728594,0.669792823682813,0.107828270633119
"VEN","Venezuela",1952,1123738,1590331,1128931,2002686,135638,5981324,2714069,3843000,3131617,135638,0.453757228332724,0.642499887984667,0.523565852643997,0.0226769190232798
"VEN","Venezuela",1956,1353890,1877427,1294043,2341692,157211,7024263,3231317,4525360,3635735,157211,0.460022211582909,0.644246948042805,0.517596650353211,0.0223811380638794
"VEN","Venezuela",1960,1571634,2249216,1472560,2682424,184212,8160046,3820850,5293410,4154984,184212,0.468238781987258,0.648698549003278,0.509186345273054,0.022574872739688
"VEN","Venezuela",1964,1728930,2680048,1707467,3041516,219730,9377691,4408978,6116445,4748983,219730,0.470156033078932,0.652233582872372,0.506412825929112,0.0234311409919563
"VEN","Venezuela",1968,1869467,3084000,2029626,3447734,266698,10697525,4953467,6983093,5477360,266698,0.463047948006665,0.652776506715338,0.512021238557517,0.0249308134358181
"VEN","Venezuela",1972,1992348,3420141,2431582,3932292,322809,12099172,5412489,7844071,6363874,322809,0.447343752117913,0.648314694592324,0.525975992406753,0.0266802554753334
"VEN","Venezuela",1976,2136594,3701625,2859760,4519680,388613,13606272,5838219,8697979,7379440,388613,0.429082925874185,0.639262466603637,0.542355760637447,0.0285613134883677
"VEN","Venezuela",1980,2331705,3977000,3226685,5251511,471306,15258207,6308705,9535390,8478196,471306,0.413463062861842,0.624935157846528,0.555648248840771,0.0308886882973864
"VEN","Venezuela",1984,2495333,4297087,3528296,6117797,570301,17008814,6792420,10320716,9646093,570301,0.399347067937835,0.606786340305679,0.56712319859574,0.0335297334664251
"VEN","Venezuela",1988,2655536,4653923,3803986,7069829,687714,18870988,7309459,11113445,10873815,687714,0.387338437181985,0.588916966085718,0.576218637837086,0.0364429249809284
"VEN","Venezuela",1992,2779579,4998547,4094380,8085390,823006,20780902,7778126,11872506,12179770,823006,0.374292030249698,0.571318126614523,0.586104010307156,0.0396039594431464
"VEN","Venezuela",1996,2809593,5298911,4432515,9145794,975244,22662057,8108504,12541019,13578309,975244,0.357800882770703,0.553392792190047,0.599164894872518,0.043034222356779
"VEN","Venezuela",2000,2838340,5508368,4780281,10256875,1142763,24526627,8346708,13126989,15037156,1142763,0.340312102434632,0.53521379030227,0.613095147571658,0.0465927499937109
"VEN","Venezuela",2004,2887956,5602448,5097757,11431921,1320654,26340736,8490404,13588161,16529678,1320654,0.322329793670154,0.515861098186474,0.627532882908055,0.0501373234217905
"VEN","Venezuela",2008,2924123,5668148,5324647,12603700,1532953,28053571,8592271,13916918,17928347,1532953,0.306280829631279,0.496083653663913,0.63907539614119,0.0546437742275306
"VEN","Venezuela",2012,2884727,5748967,5430358,13705024,1784616,29553692,8633694,14064052,19135382,1784616,0.292135886101811,0.475881389032545,0.647478562069335,0.0603855518288544
"VEN","Venezuela",2016,2826992,5759239,5430019,14677198,2072098,30765546,8586231,14016250,20107217,2072098,0.27908592943548,0.455582683304239,0.653562819915499,0.0673512506490215
"VEN","Venezuela",2020,2392510,5523829,4679164,13497652,2350873,28444028,7916339,12595503,18176816,2350873,0.278312867643078,0.442817135463374,0.639038043416354,0.0826490889405678
"VGB","British Virgin Islands",1952,1178,2097,1187,2365,571,7398,3275,4462,3552,571,0.442687212760205,0.603135982698026,0.480129764801298,0.0771830224384969
"VGB","British Virgin Islands",1956,1107,2261,1428,2288,473,7557,3368,4796,3716,473,0.445679502448061,0.634643377001456,0.491729522297208,0.0625909752547307
"VGB","British Virgin Islands",1960,1159,2256,1776,2363,420,7974,3415,5191,4139,420,0.428266867318786,0.650990719839478,0.519061951341861,0.0526711813393529
"VGB","British Virgin Islands",1964,1190,2160,2020,2416,406,8192,3350,5370,4436,406,0.408935546875,0.655517578125,0.54150390625,0.049560546875
"VGB","British Virgin Islands",1968,1259,2260,2205,2879,420,9023,3519,5724,5084,420,0.390003324836529,0.634378809708523,0.563448963759282,0.0465477114041893
"VGB","British Virgin Islands",1972,1454,2328,2262,3744,468,10256,3782,6044,6006,468,0.368759750390016,0.589313572542902,0.585608424336973,0.0456318252730109
"VGB","British Virgin Islands",1976,1404,2406,2196,4173,554,10733,3810,6006,6369,554,0.354979968321998,0.559582595732787,0.593403521848505,0.0516165098294978
"VGB","British Virgin Islands",1980,1320,2477,2160,4526,665,11148,3797,5957,6686,665,0.340599210620739,0.534355938284894,0.599748833871546,0.0596519555077144
"VGB","British Virgin Islands",1984,1397,2601,2659,5470,717,12844,3998,6657,8129,717,0.311273746496419,0.518296480847088,0.632902522578636,0.0558237309249455
"VGB","British Virgin Islands",1988,1465,2651,2957,6845,786,14704,4116,7073,9802,786,0.279923830250272,0.481025571273123,0.666621327529924,0.0534548422198041
"VGB","British Virgin Islands",1992,1630,2878,2788,8463,856,16615,4508,7296,11251,856,0.271321095395727,0.439121275955462,0.67715919349985,0.0515197111044237
"VGB","British Virgin Islands",1996,1639,3184,2839,9749,897,18308,4823,7662,12588,897,0.263436748962202,0.418505571334936,0.687568276163426,0.0489949748743719
"VGB","British Virgin Islands",2000,1783,3520,3011,11015,937,20266,5303,8314,14026,937,0.261669791769466,0.410243758018356,0.692095134708379,0.0462350735221553
"VGB","British Virgin Islands",2004,1661,3707,3577,12860,1100,22905,5368,8945,16437,1100,0.234359310194281,0.390526086007422,0.717616240995416,0.0480244488103034
"VGB","British Virgin Islands",2008,2000,3888,3629,15372,1419,26308,5888,9517,19001,1419,0.223810247833359,0.361753078911358,0.722251786528813,0.0539379656378288
"VGB","British Virgin Islands",2012,1990,4319,3902,18227,1931,30369,6309,10211,22129,1931,0.207744739701669,0.336231025058448,0.728670683921104,0.0635845763772268
"VGB","British Virgin Islands",2016,1738,4735,4143,20848,2440,33904,6473,10616,24991,2440,0.190921425200566,0.313119395941482,0.737110665408211,0.0719679093912223
"VGB","British Virgin Islands",2020,1701,4616,4547,23199,3096,37159,6317,10864,27746,3096,0.169999192658575,0.292365241260529,0.746683172313571,0.0833176350278533
"VIR","United States Virgin Islands",1952,4169,7220,4599,10246,1985,28219,11389,15988,14845,1985,0.403593323647188,0.566568623976753,0.526063999433006,0.0703426769198058
"VIR","United States Virgin Islands",1956,4361,7524,5090,11047,2135,30157,11885,16975,16137,2135,0.394104188082369,0.562887555128163,0.535099645190171,0.0707961667274596
"VIR","United States Virgin Islands",1960,5124,8387,5872,11591,2067,33041,13511,19383,17463,2067,0.408916195030417,0.586634787082715,0.528525165703217,0.062558639266366
"VIR","United States Virgin Islands",1964,7064,10349,9775,15683,1986,44857,17413,27188,25458,1986,0.388189134360301,0.606103841095035,0.567536839289297,0.0442740263504024
"VIR","United States Virgin Islands",1968,8931,12712,11195,22812,2198,57848,21643,32838,34007,2198,0.374135665883004,0.567660074678468,0.58786820633384,0.0379961277831559
"VIR","United States Virgin Islands",1972,11490,15815,11892,30114,2620,71931,27305,39197,42006,2620,0.37959989434319,0.544924997567113,0.583976310631021,0.0364237950257886
"VIR","United States Virgin Islands",1976,12273,20721,13538,35805,3382,85719,32994,46532,49343,3382,0.384908830014349,0.542843476942102,0.575636673316301,0.0394544966693499
"VIR","United States Virgin Islands",1980,10803,23621,17010,40691,4455,96580,34424,51434,57701,4455,0.356429902671361,0.532553323669497,0.59744253468627,0.046127562642369
"VIR","United States Virgin Islands",1984,11156,21165,18779,44026,5052,100178,32321,51100,62805,5052,0.322635708438979,0.510092036175607,0.626934057377867,0.050430234183154
"VIR","United States Virgin Islands",1988,10216,20644,17298,48044,5755,101957,30860,48158,65342,5755,0.302676618574497,0.47233637710015,0.640878017203331,0.0564453642221721
"VIR","United States Virgin Islands",1992,10116,19284,17083,51224,6723,104430,29400,46483,68307,6723,0.281528296466533,0.445111557981423,0.654093651249641,0.0643780522838265
"VIR","United States Virgin Islands",1996,10282,19291,15470,54693,7872,107608,29573,45043,70163,7872,0.274821574604119,0.418584120139767,0.652024013084529,0.0731544123113523
"VIR","United States Virgin Islands",2000,8540,19740,14463,56619,9229,108591,28280,42743,71082,9229,0.260426738864178,0.393614572110028,0.654584634085698,0.0849886270501239
"VIR","United States Virgin Islands",2004,8053,17618,14522,56720,10937,107850,25671,40193,71242,10937,0.238025034770515,0.372675011590172,0.660565600370886,0.1014093648586
"VIR","United States Virgin Islands",2008,7622,15424,13983,56775,13165,106969,23046,37029,70758,13165,0.215445596387738,0.346165711561293,0.661481363759594,0.123073039852668
"VIR","United States Virgin Islands",2012,7581,13497,12858,54535,15834,104305,21078,33936,67393,15834,0.202080437179426,0.325353530511481,0.646114759599252,0.151804803221322
"VIR","United States Virgin Islands",2016,6101,12460,11352,50210,17668,97791,18561,29913,61562,17668,0.189802742583673,0.305887044820075,0.629526234520559,0.180671022895768
"VIR","United States Virgin Islands",2020,4587,9856,9243,45444,18588,87718,14443,23686,54687,18588,0.164652636859026,0.270024396361066,0.623441026927198,0.211906336213776
"VNM","Vietnam",1952,3938571,4913146,4757354,11413051,1121658,26143780,8851717,13609071,16170405,1121658,0.338578315760001,0.52054718177708,0.618518247935073,0.0429034363049261
"VNM","Vietnam",1956,4873021,5891569,4741987,12089617,1326054,28922248,10764590,15506577,16831604,1326054,0.372190640229625,0.536147017341114,0.581960434057546,0.0458489257128284
"VNM","Vietnam",1960,5791030,7576054,4640774,12955280,1568734,32531872,13367084,18007858,17596054,1568734,0.410891940064193,0.553545089566318,0.540886611136304,0.0482214487995034
"VNM","Vietnam",1964,6163839,9563706,5071982,13587987,1814007,36201521,15727545,20799527,18659969,1814007,0.434444315198801,0.574548428503874,0.515447099584573,0.0501085852166267
"VNM","Vietnam",1968,6327612,10914334,6419981,13976142,2096518,39734587,17241946,23661927,20396123,2096518,0.433927902660722,0.595499507771403,0.513309047354638,0.0527630499846393
"VNM","Vietnam",1972,6673473,11747883,8254315,14457366,2296105,43429142,18421356,26675671,22711681,2296105,0.424170387708788,0.614234354434172,0.522959468091725,0.0528701441994871
"VNM","Vietnam",1976,7459187,12171668,9909126,15659599,2485298,47684878,19630855,29539981,25568725,2485298,0.411678834535343,0.619483203878596,0.536201959036154,0.0521192064285034
"VNM","Vietnam",1980,8003694,13141190,11015351,17527276,2802473,52489984,21144884,32160235,28542627,2802473,0.402836548778525,0.612692794876828,0.54377282721214,0.0533906240093348
"VNM","Vietnam",1984,8629057,14531240,11488325,19984135,3073110,57705867,23160297,34648622,31472460,3073110,0.401350819319637,0.600434995630514,0.545394457031553,0.0532547236488103
"VNM","Vietnam",1988,8850943,15808637,12247734,22529838,3405749,62842901,24659580,36907314,34777572,3405749,0.39240040812247,0.587294879973794,0.553404942270249,0.0541946496072802
"VNM","Vietnam",1992,8893775,16839882,13469724,25306255,3750190,68259826,25733657,39203381,38775979,3750190,0.376995643088806,0.574325826731524,0.568064427823183,0.0549399290880114
"VNM","Vietnam",1996,8454825,17409342,14899638,28273715,4118205,73155725,25864167,40763805,43173353,4118205,0.353549459047805,0.557219616099765,0.590156860587466,0.0562936803647288
"VNM","Vietnam",2000,7012542,17288018,16209880,32026505,4615946,77152891,24300560,40510440,48236385,4615946,0.314966292060268,0.525067038641494,0.625205152714238,0.0598285552254938
"VNM","Vietnam",2004,6873633,16009882,16707644,35782712,4963142,80337013,22883515,39591159,52490356,4963142,0.284843985922155,0.492813430840402,0.653376993242206,0.061779020835639
"VNM","Vietnam",2008,7270411,14541746,17027534,41140963,5192471,85173125,21812157,38839691,58168497,5192471,0.256092012592,0.456008758631317,0.682944262054492,0.0609637253535079
"VNM","Vietnam",2012,7579016,13909395,16659499,45910012,5448762,89506684,21488411,38147910,62569511,5448762,0.240076048398799,0.426201801867668,0.69904847553061,0.0608754760705916
"VNM","Vietnam",2016,8220417,14463764,15123018,49980674,6207564,93995437,22684181,37807199,65103692,6207564,0.24133278937785,0.402223769649584,0.692626089923918,0.0660411206982313
"VNM","Vietnam",2020,7689882,16230598,13209836,53526988,7416035,98073339,23920480,37130316,66736824,7416035,0.243904003309197,0.378597449404675,0.680478758860244,0.0756172378305586
"VUT","Vanuatu",1952,9002,13700,10204,17583,2796,53285,22702,32906,27787,2796,0.426048606549686,0.617547152106597,0.52147884019893,0.0524725532513841
"VUT","Vanuatu",1956,10247,14945,11219,18932,2598,57941,25192,36411,30151,2598,0.434787111026734,0.628415111924199,0.520374173728448,0.044838715244818
"VUT","Vanuatu",1960,11727,16985,12309,20975,2450,64446,28712,41021,33284,2450,0.445520280544952,0.636517394407721,0.516463395711138,0.0380163237439096
"VUT","Vanuatu",1964,13142,19625,13584,23562,2319,72232,32767,46351,37146,2319,0.453635507808174,0.641696201129693,0.514259607930003,0.032104884261823
"VUT","Vanuatu",1968,14625,22651,15284,26388,2386,81334,37276,52560,41672,2386,0.45830771878919,0.646224211276957,0.512356456094622,0.0293358251161876
"VUT","Vanuatu",1972,16007,25752,17909,29008,2902,91578,41759,59668,46917,2902,0.455993797636987,0.651553866649195,0.512317368800367,0.031688833562646
"VUT","Vanuatu",1976,18294,28483,20788,32938,2899,103402,46777,67565,53726,2899,0.452380031334017,0.653420630161892,0.51958376046885,0.0280362081971335
"VUT","Vanuatu",1980,17815,33040,24697,34395,5735,115682,50855,75552,59092,5735,0.439610311025051,0.653100741688422,0.510814128386439,0.0495755605885099
"VUT","Vanuatu",1984,22776,33290,25926,39691,5441,127124,56066,81992,65617,5441,0.44103395110286,0.644976558321009,0.51616531890123,0.0428007299959095
"VUT","Vanuatu",1988,25378,36634,27775,45545,5436,140768,62012,89787,73320,5436,0.440526255967265,0.637836724255513,0.52085701295749,0.0386167310752444
"VUT","Vanuatu",1992,27258,41403,29991,51608,5359,155619,68661,98652,81599,5359,0.4412121913134,0.633932874520463,0.524351139642332,0.0344366690442684
"VUT","Vanuatu",1996,28250,48249,30906,58310,5211,170926,76499,107405,89216,5211,0.447556252413325,0.62837134198425,0.521956870224542,0.0304868773621333
"VUT","Vanuatu",2000,28141,51862,34501,66578,5208,186290,80003,114504,101079,5208,0.429454076976757,0.614654570830426,0.542589510977508,0.0279564120457351
"VUT","Vanuatu",2004,29777,53948,42196,73936,5863,205720,83725,125921,116132,5863,0.406985222632705,0.61209896947307,0.564514874586817,0.0284999027804783
"VUT","Vanuatu",2008,32530,55426,47271,84800,6879,226906,87956,135227,132071,6879,0.387631882806096,0.595960441768838,0.582051598459274,0.0303165187346302
"VUT","Vanuatu",2012,37437,57520,50224,95174,8534,248889,94957,145181,145398,8534,0.381523490391299,0.583316257448099,0.58418813205887,0.0342883775498315
"VUT","Vanuatu",2016,41415,63809,50610,105846,10411,272091,105224,155834,156456,10411,0.386723559397407,0.572727506606246,0.575013506510689,0.0382629340919031
"VUT","Vanuatu",2020,43444,73124,51787,118371,12135,298861,116568,168355,170158,12135,0.390040855113247,0.56332207949515,0.569354984424197,0.0406041604625562
"WLF","Wallis and Futuna",1952,1723,2701,1897,2719,161,9201,4424,6321,4616,161,0.480817302467123,0.686990544506032,0.501684599500054,0.0174980980328225
"WLF","Wallis and Futuna",1956,1727,2973,1658,2946,234,9538,4700,6358,4604,234,0.492765778989306,0.666596770811491,0.482700775843992,0.0245334451667016
"WLF","Wallis and Futuna",1960,1303,3098,1182,2711,352,8646,4401,5583,3893,352,0.509021512838307,0.645732130464955,0.450266018968309,0.0407124681933842
"WLF","Wallis and Futuna",1964,900,2880,1773,2310,414,8277,3780,5553,4083,414,0.456687205509242,0.670895251902863,0.493294671982602,0.0500181225081551
"WLF","Wallis and Futuna",1968,1363,2410,1782,2717,249,8521,3773,5555,4499,249,0.44278840511677,0.651918788874545,0.527989672573642,0.0292219223095881
"WLF","Wallis and Futuna",1972,1672,2566,1672,2998,252,9160,4238,5910,4670,252,0.462663755458515,0.645196506550218,0.509825327510917,0.0275109170305677
"WLF","Wallis and Futuna",1976,1330,2869,1799,3106,322,9426,4199,5998,4905,322,0.445469976660301,0.636325058349247,0.520369191597708,0.0341608317419902
"WLF","Wallis and Futuna",1980,1768,3268,2091,3582,430,11139,5036,7127,5673,430,0.452105215908071,0.639824041655445,0.5092916778885,0.0386031062034294
"WLF","Wallis and Futuna",1984,2011,3606,2449,4071,551,12688,5617,8066,6520,551,0.442701765447667,0.635718789407314,0.513871374527112,0.0434268600252207
"WLF","Wallis and Futuna",1988,1856,3550,2675,4519,624,13224,5406,8081,7194,624,0.408802177858439,0.611085904416213,0.544010889292196,0.0471869328493648
"WLF","Wallis and Futuna",1992,1791,3726,2627,4957,698,13799,5517,8144,7584,698,0.399811580549315,0.59018769476049,0.549605043843757,0.050583375606928
"WLF","Wallis and Futuna",1996,1711,3731,2776,5356,766,14340,5442,8218,8132,766,0.379497907949791,0.573082287308229,0.567085076708508,0.0534170153417015
"WLF","Wallis and Futuna",2000,1546,3606,2845,5970,837,14804,5152,7997,8815,837,0.348014050256687,0.540191840043232,0.5954471764388,0.0565387733045123
"WLF","Wallis and Futuna",2004,1459,3359,2694,6453,951,14916,4818,7512,9147,951,0.323008849557522,0.503620273531778,0.613234111021722,0.0637570394207562
"WLF","Wallis and Futuna",2008,1190,2965,2208,6328,1015,13706,4155,6363,8536,1015,0.3031519042755,0.464249233912155,0.622792937399679,0.0740551583248212
"WLF","Wallis and Futuna",2012,1008,2599,1866,6078,1158,12709,3607,5473,7944,1158,0.283814619560941,0.430639704146668,0.625068848847274,0.0911165315917853
"WLF","Wallis and Futuna",2016,875,2271,1700,5902,1309,12057,3146,4846,7602,1309,0.260927262171353,0.401924193414614,0.630505100771336,0.108567637057311
"WLF","Wallis and Futuna",2020,751,2014,1618,5786,1471,11640,2765,4383,7404,1471,0.23754295532646,0.376546391752577,0.636082474226804,0.126374570446735
"WSM","Samoa",1952,19457,25853,17031,27967,2415,92723,45310,62341,44998,2415,0.48865977157771,0.672335882143589,0.485294910647844,0.0260453177744465
"WSM","Samoa",1956,21457,28370,18383,30296,2831,101337,49827,68210,48679,2831,0.491696024157021,0.673100644384578,0.480367486702784,0.0279364891401956
"WSM","Samoa",1960,23759,32553,19868,33165,3163,112508,56312,76180,53033,3163,0.500515518896434,0.677107405695595,0.471370924734241,0.0281135563693248
"WSM","Samoa",1964,25998,37904,21512,36054,3446,124914,63902,85414,57566,3446,0.511567958755624,0.683782442320316,0.460845061402245,0.0275869798421314
"WSM","Samoa",1968,26683,43216,23887,38382,3869,136037,69899,93786,62269,3869,0.513823445092144,0.689415379639363,0.45773576306446,0.0284407918433955
"WSM","Samoa",1972,26397,46961,27080,39893,4220,144551,73358,100438,66973,4220,0.507488706408119,0.694827431148868,0.463317445053995,0.0291938485378863
"WSM","Samoa",1976,26361,50048,32470,43631,4613,157123,76409,108879,76101,4613,0.486300541613895,0.692953927814515,0.484340293909867,0.0293591644762384
"WSM","Samoa",1980,26032,50208,36788,46433,4874,164335,76240,113028,83221,4874,0.463930386101561,0.687790184683725,0.506410685490005,0.029658928408434
"WSM","Samoa",1984,25521,47386,38504,50096,5298,166805,72907,111411,88600,5298,0.437079224243878,0.667911633344324,0.53115913791553,0.0317616378405923
"WSM","Samoa",1988,26131,44560,38375,53425,5869,168360,70691,109066,91800,5869,0.41988001900689,0.647814207650273,0.545260156806842,0.0348598241862675
"WSM","Samoa",1992,25488,43997,37855,56235,6765,170340,69485,107340,94090,6765,0.407919455207233,0.630151461782318,0.55236585652225,0.0397146882705178
"WSM","Samoa",1996,26424,43844,36391,61905,7522,176086,70268,106659,98296,7522,0.399055007212385,0.605721068114444,0.55822722987631,0.0427177629113047
"WSM","Samoa",2000,27276,46284,33620,66400,8115,181695,73560,107180,100020,8115,0.404854288780649,0.589889650238036,0.550482952200116,0.0446627590192355
"WSM","Samoa",2004,26278,48060,33594,69619,8712,186263,74338,107932,103213,8712,0.399102344534341,0.579460225594992,0.554125081202386,0.0467725742632729
"WSM","Samoa",2008,26170,47490,34650,72553,9253,190116,73660,108310,107203,9253,0.387447663531739,0.569704811799112,0.563882050958362,0.0486702855098992
"WSM","Samoa",2012,28408,46811,36343,75322,9632,196516,75219,111562,111665,9632,0.382762726699098,0.567699322192595,0.568223452543304,0.0490138207575973
"WSM","Samoa",2016,29424,48121,36693,79336,9933,203507,77545,114238,116029,9933,0.381043403912396,0.561346784140103,0.57014746421499,0.0488091318726137
"WSM","Samoa",2020,29425,52384,35886,83024,11236,211955,81809,117695,118910,11236,0.385973437758015,0.555282961005874,0.561015309853507,0.0530112523884787
"YEM","Yemen",1952,754995,1189719,911128,1713125,189191,4758158,1944714,2855842,2624253,189191,0.408711522400055,0.60019906863118,0.551527082539083,0.0397613950608618
"YEM","Yemen",1956,813183,1243940,996643,1851919,197412,5103097,2057123,3053766,2848562,197412,0.403112658842268,0.598414257067816,0.558202597363915,0.0386847437938178
"YEM","Yemen",1960,930302,1299751,1081440,2017133,203669,5532295,2230053,3311493,3098573,203669,0.403097267951185,0.598574913304515,0.560088173172255,0.0368145588765603
"YEM","Yemen",1964,1067867,1406816,1161894,2198730,212704,6048011,2474683,3636577,3360624,212704,0.409173032258043,0.601284786023041,0.555657719537878,0.035169248204079
"YEM","Yemen",1968,1238714,1626823,1201709,2398618,224658,6690522,2865537,4067246,3600327,224658,0.42829797136905,0.607911609886344,0.538123482741705,0.0335785458892445
"YEM","Yemen",1972,1434337,1907437,1266408,2609651,242233,7460066,3341774,4608182,3876059,242233,0.447955018092333,0.617713301732183,0.519574357653136,0.0324706242545307
"YEM","Yemen",1976,1656501,2250484,1423048,2789127,264958,8384118,3906985,5330033,4212175,264958,0.465998331607451,0.635729721361269,0.502399298292319,0.03160237010023
"YEM","Yemen",1980,1953970,2655929,1663291,2977183,292984,9543357,4609899,6273190,4640474,292984,0.483047946335865,0.657335778175332,0.486251745585961,0.0307003080781742
"YEM","Yemen",1984,2335902,3148739,1973891,3239471,327592,11025595,5484641,7458532,5213362,327592,0.497446260269854,0.676474330863777,0.472841783141862,0.0297119565882839
"YEM","Yemen",1988,2735261,3790041,2356071,3608351,369994,12859718,6525302,8881373,5964422,369994,0.507421857928766,0.690635129012938,0.463806593581601,0.0287715484896325
"YEM","Yemen",1992,3121981,4552770,2801851,4092930,419963,14989495,7674751,10476602,6894781,419963,0.512008643386585,0.698929617041802,0.459974201932754,0.0280171546806614
"YEM","Yemen",1996,3413762,5352895,3361286,4708446,476789,17313178,8766657,12127943,8069732,476789,0.506357469437442,0.700503570170653,0.466103450215784,0.027539080346774
"YEM","Yemen",2000,3530771,6094277,4041496,5417719,539874,19624137,9625048,13666544,9459215,539874,0.490469873910888,0.696415032161669,0.482019413133938,0.0275107129551735
"YEM","Yemen",2004,3809545,6596185,4804898,6273898,610634,22095160,10405730,15210628,11078796,610634,0.470950651635924,0.688414476292545,0.501412798096959,0.0276365502671173
"YEM","Yemen",2008,4175438,7038366,5647309,7558455,692347,25111915,11213804,16861113,13205764,692347,0.446553120301658,0.671438757259253,0.525876421611016,0.0275704580873263
"YEM","Yemen",2012,4513356,7615018,6319185,9202278,783762,28433599,12128374,18447559,15521463,783762,0.426550785920558,0.64879437175716,0.545884571277804,0.0275646428016376
"YEM","Yemen",2016,5068808,8315518,6768402,11103001,853255,32108984,13384326,20152728,17871403,853255,0.416840532855228,0.627635181480672,0.55658575182572,0.0265737153190521
"YEM","Yemen",2020,5802324,9140206,7178657,13093464,920200,36134851,14942530,22121187,20272121,920200,0.413521284479629,0.612184259456335,0.561012995459702,0.0254657200606694
"ZAF","South Africa",1952,2228952,3285600,2441547,5112569,526787,13595455,5514552,7956099,7554116,526787,0.405617318434727,0.585202849040359,0.555635394328472,0.0387472872368008
"ZAF","South Africa",1956,2449348,3734547,2631319,5534135,531255,14880604,6183895,8815214,8165454,531255,0.415567472933222,0.592396249507076,0.548731355259504,0.0357011718072734
"ZAF","South Africa",1960,2722898,4197047,2953593,6008817,557736,16440091,6919945,9873538,8962410,557736,0.420918898806582,0.600576845955415,0.545155741534521,0.0339253596588973
"ZAF","South Africa",1964,3049471,4734847,3483608,6615629,627717,18511272,7784318,11267926,10099237,627717,0.420517725632253,0.608706198039767,0.545572286982764,0.0339099873849836
"ZAF","South Africa",1968,3472713,5376164,4012702,7360609,734992,20957180,8848877,12861579,11373311,734992,0.422236054660026,0.613707521718094,0.542692814586695,0.0350711307532788
"ZAF","South Africa",1972,3912018,6048311,4531099,8258829,859078,23609335,9960329,14491428,12789928,859078,0.421880963610369,0.613800769907327,0.54173181921473,0.0363872171749014
"ZAF","South Africa",1976,4240615,6803158,5068209,9298781,984552,26395315,11043773,16111982,14366990,984552,0.418398984819844,0.610410673257735,0.544300759434013,0.0373002557461428
"ZAF","South Africa",1980,4506618,7574177,5724437,10590627,1122836,29518695,12080795,17805232,16315064,1122836,0.409259115282705,0.603184930770144,0.55270275328906,0.0380381314282356
"ZAF","South Africa",1984,5179587,8201378,6589720,12588691,1333217,33892593,13380965,19970685,19178411,1333217,0.394804994707841,0.589234497342827,0.565858475331173,0.0393365299609859
"ZAF","South Africa",1988,5754269,9017789,7394863,14778219,1535266,38480406,14772058,22166921,22173082,1535266,0.383885190816334,0.576057357606882,0.576217465065207,0.0398973441184586
"ZAF","South Africa",1992,5656919,10288015,7977048,16828839,1692392,42443213,15944934,23921982,24805887,1692392,0.375676883840062,0.563623258210918,0.584448849336642,0.0398742668232963
"ZAF","South Africa",1996,5480385,11456431,8751037,17479019,1955784,45122656,16936816,25687853,26230056,1955784,0.375350599929224,0.569289471789958,0.581305674914172,0.0433437251566043
"ZAF","South Africa",2000,5132696,11328137,9892283,18568155,2237907,47159178,16460833,26353116,28460438,2237907,0.349048344311684,0.558812030184241,0.603497329830473,0.0474543258578426
"ZAF","South Africa",2004,4830528,10665068,10994885,20040084,2460053,48990618,15495596,26490481,31034969,2460053,0.316297214295194,0.540725593622844,0.633488007846727,0.0502147778580789
"ZAF","South Africa",2008,5345627,9944294,11385573,21762875,2675126,51113495,15289921,26675494,33148448,2675126,0.299136676136116,0.521887497616823,0.648526343189798,0.0523369806740862
"ZAF","South Africa",2012,5666158,9878101,10967591,24447015,2822325,53781190,15544259,26511850,35414606,2822325,0.289027799496441,0.492957667913261,0.658494280249284,0.0524779202542748
"ZAF","South Africa",2016,5730108,10489889,10493860,27411571,3131950,57257378,16219997,26713857,37905431,3131950,0.283282217358958,0.46655746269066,0.662018281731308,0.0546995009097343
"ZAF","South Africa",2020,5571357,10779969,10253989,30257011,3695524,60557850,16351326,26605315,40511000,3695524,0.270011666530433,0.439337179242658,0.668963643854595,0.0610246896149715
"ZMB","Zambia",1952,460395,648976,466922,821088,69880,2467261,1109371,1576293,1288010,69880,0.449636661869174,0.638883766249294,0.52204043269034,0.0283229054404864
"ZMB","Zambia",1956,532363,734209,519558,921154,80128,2787412,1266572,1786130,1440712,80128,0.454389950247757,0.640784354806537,0.51686367139124,0.028746378361003
"ZMB","Zambia",1960,603195,848057,580703,1031833,89937,3153725,1451252,2031955,1612536,89937,0.460170750461756,0.644303165304521,0.511311544284933,0.0285177052533116
"ZMB","Zambia",1964,689672,982389,650932,1149946,104067,3577006,1672061,2322993,1800878,104067,0.467447077248403,0.649423847765422,0.503459597216219,0.0290933255353779
"ZMB","Zambia",1968,787438,1126710,751347,1279483,120613,4065591,1914148,2665495,2030830,120613,0.470816666014855,0.655623007823463,0.49951655245203,0.0296667815331154
"ZMB","Zambia",1972,904139,1291139,849716,1385000,139300,4569294,2195278,3044994,2234716,139300,0.480441398605561,0.666403606333933,0.4890724912864,0.0304861101080386
"ZMB","Zambia",1976,1037417,1486370,972939,1486750,160345,5143821,2523787,3496726,2459689,160345,0.490644406171988,0.679791540179956,0.478183241601914,0.0311723522260981
"ZMB","Zambia",1980,1155320,1715909,1120769,1628010,182804,5802812,2871229,3991998,2748779,182804,0.494799590267615,0.687941983989831,0.473697752055383,0.0315026576770021
"ZMB","Zambia",1984,1267020,1959283,1311163,1840793,202206,6580465,3226303,4537466,3151956,202206,0.490284957066104,0.689535769888602,0.478986819320519,0.0307282236133769
"ZMB","Zambia",1988,1415855,2174086,1510879,2072643,217955,7391418,3589941,5100820,3583522,217955,0.485690431795361,0.690100329869045,0.48482199220772,0.0294875759969197
"ZMB","Zambia",1992,1555889,2388789,1714910,2288048,229010,8176646,3944678,5659588,4002958,229010,0.482432283359216,0.692164978158526,0.489559900232932,0.0280078164078523
"ZMB","Zambia",1996,1710649,2633022,1910500,2515237,234617,9004025,4343671,6254171,4425737,234617,0.482414364686904,0.69459724956339,0.491528732983305,0.0260569023297914
"ZMB","Zambia",2000,1896492,2914138,2129019,2841338,236610,10017597,4810630,6939649,4970357,236610,0.480217960454987,0.692745875083615,0.496162602668085,0.0236194368769277
"ZMB","Zambia",2004,2105699,3254237,2398976,3338889,240359,11338160,5359936,7758912,5737865,240359,0.472734200258243,0.684318443204188,0.506066681013498,0.0211991187282593
"ZMB","Zambia",2008,2401501,3667847,2714384,3989058,248494,13021284,6069348,8783732,6703442,248494,0.466109793780705,0.674567270017304,0.514806527528314,0.0190836786909801
"ZMB","Zambia",2012,2674272,4175249,3039123,4758934,266009,14913587,6849521,9888644,7798057,266009,0.45928058756086,0.663062749424401,0.522882724323799,0.0178366881153407
"ZMB","Zambia",2016,2847070,4740481,3414765,5617217,294853,16914386,7587551,11002316,9031982,294853,0.448585659568133,0.650470906836346,0.533982256287636,0.0174320841442308
"ZMB","Zambia",2020,3005909,5253362,3871836,6583638,344608,19059353,8259271,12131107,10455474,344608,0.433344773036105,0.63649101834674,0.548574445313018,0.0180807816508777
"ZWE","Zimbabwe",1952,560854,751630,542219,1021151,97053,2972907,1312484,1854703,1563370,97053,0.44148168778909,0.623868489663484,0.525872487770388,0.0326458244405224
"ZWE","Zimbabwe",1956,666075,880239,594879,1111168,113167,3365528,1546314,2141193,1706047,113167,0.459456584524033,0.636213099400748,0.506918082393015,0.0336253330829516
"ZWE","Zimbabwe",1960,745309,1058192,672217,1204642,129024,3809384,1803501,2475718,1876859,129024,0.473436387615426,0.649899826323626,0.492693569353995,0.0338700430305792
"ZWE","Zimbabwe",1964,839364,1267092,757108,1312259,144171,4319994,2106456,2863564,2069367,144171,0.487606232786434,0.662862957680034,0.479020804195561,0.0333729630180042
"ZWE","Zimbabwe",1968,943520,1432058,921635,1443689,159528,4900430,2375578,3297213,2365324,159528,0.484769295755679,0.672841566964532,0.482676826319323,0.0325538779249984
"ZWE","Zimbabwe",1972,1063053,1606647,1093605,1602086,177034,5542425,2669700,3763305,2695691,177034,0.481684461224103,0.67899971582836,0.486373924771197,0.0319416140047001
"ZWE","Zimbabwe",1976,1224105,1805381,1243702,1812463,201428,6287079,3029486,4273188,3056165,201428,0.481859063644659,0.679677796318449,0.486102528694168,0.032038407661173
"ZWE","Zimbabwe",1980,1372923,2055695,1349322,2021146,242184,7041270,3428618,4777940,3370468,242184,0.486931760889726,0.678562248003556,0.478673307514127,0.0343949315961467
"ZWE","Zimbabwe",1984,1596213,2443227,1676290,2407597,268126,8391453,4039440,5715730,4083887,268126,0.481375513871078,0.681137104623001,0.486672212786034,0.0319522733428883
"ZWE","Zimbabwe",1988,1698292,2891298,1912916,2786129,294415,9583050,4589590,6502506,4699045,294415,0.478927898737876,0.678542426471739,0.490349627728124,0.0307224735340001
"ZWE","Zimbabwe",1992,1672370,3333824,2198021,3165379,333046,10702640,5006194,7204215,5363400,333046,0.467753189867173,0.673125042045701,0.501128693481235,0.0311181166515925
"ZWE","Zimbabwe",1996,1617714,3401067,2503112,3244625,391780,11158298,5018781,7521893,5747737,391780,0.449780154643656,0.674107556546706,0.515108755833551,0.0351110895227928
"ZWE","Zimbabwe",2000,1791513,3185675,3015189,3490924,408680,11891981,4977188,7992377,6506113,408680,0.418533127491542,0.672081211700557,0.547100857291985,0.0343660152164723
"ZWE","Zimbabwe",2004,2006555,3147618,3084215,3724856,402572,12365816,5154173,8238388,6809071,402572,0.416808158879285,0.666222754729652,0.550636609828256,0.0325552312924598
"ZWE","Zimbabwe",2008,2072123,3417142,2899596,4163988,406204,12959053,5489265,8388861,7063584,406204,0.423585349948025,0.647335958885267,0.545069458393295,0.0313451916586806
"ZWE","Zimbabwe",2012,2291785,3743828,2676862,4678578,426711,13817764,6035613,8712475,7355440,426711,0.436800990377314,0.630527124359629,0.532317674552844,0.030881335069842
"ZWE","Zimbabwe",2016,2357409,4007625,2742821,5009787,482508,14600150,6365034,9107855,7752608,482508,0.435956753868967,0.623819275829358,0.530995092516173,0.0330481536148601
"ZWE","Zimbabwe",2020,2246868,4302963,3082376,5338557,555981,15526745,6549831,9632207,8420933,555981,0.421841860608904,0.620362284561252,0.542350183505944,0.0358079558851517
